946 11 1.16279 0 0 9 0(-100%)
1005 22 2.18905 0 0 21 0(-100%)
934 37 3.96146 0 0 35 0(-100%)
903 36 3.98671 0 0 33 0(-100%)
942 40 4.24628 0 0 38 0(-100%)
981 51 5.19878 0 0 50 0(-100%)
985 53 5.38071 0 0 51 0(-100%)
972 79 8.12757 0 0 78 0(-100%)
975 91 9.33333 0 0 87 0(-100%)
958 118 12.3173 0 0 116 0(-100%)
957 113 11.8077 0 0 109 0(-100%)
930 113 12.1505 0 0 111 0(-100%)
931 104 11.1708 0 0 102 0(-100%)
911 147 16.1361 0 0 146 0(-100%)
960 148 15.4167 1 7 147 7(-95.2381%)
1018 166 16.3065 0 0 166 0(-100%)
937 158 16.8623 1 7 157 7(-95.5414%)
998 186 18.6373 2 14 191 14(-92.6702%)
954 187 19.6017 2 15 190 15(-92.1053%)
956 201 21.0251 1 7 202 7(-96.5347%)
922 166 18.0043 4 28 176 28(-84.0909%)
940 200 21.2766 3 21 200 21(-89.5%)
998 210 21.0421 2 14 209 14(-93.3014%)
995 241 24.2211 4 28 245 28(-88.5714%)
950 223 23.4737 4 29 227 29(-87.2247%)
954 216 22.6415 7 52 232 52(-77.5862%)
1013 269 26.5548 8 58 284 58(-79.5775%)
928 233 25.1078 5 36 241 36(-85.0622%)
972 277 28.4979 13 97 296 97(-67.2297%)
996 289 29.0161 12 84 314 84(-73.2484%)
946 275 29.0698 21 148 307 148(-51.7915%)
941 267 28.3741 17 120 314 120(-61.7834%)
895 255 28.4916 20 144 303 144(-52.4752%)
934 280 29.9786 13 95 306 95(-68.9542%)
961 303 31.5297 23 169 342 169(-50.5848%)
1007 298 29.5929 17 123 343 123(-64.1399%)
962 317 32.9522 30 221 375 221(-41.0667%)
938 315 33.5821 26 191 366 191(-47.8142%)
942 295 31.3163 32 236 382 236(-38.2199%)
983 325 33.0621 25 188 380 188(-50.5263%)
895 280 31.2849 28 200 361 200(-44.5983%)
945 296 31.3228 32 227 385 227(-41.039%)
943 311 32.9799 32 227 388 227(-41.4948%)
970 323 33.299 40 290 430 290(-32.5581%)
919 304 33.0794 39 281 414 281(-32.1256%)
899 309 34.3715 43 313 434 313(-27.8802%)
941 303 32.1998 39 284 430 284(-33.9535%)
978 330 33.7423 49 358 462 358(-22.5108%)
970 338 34.8454 45 324 449 324(-27.8396%)
987 321 32.5228 52 384 482 384(-20.332%)
