939 11 1.17146 0 0 10 0(-100%)
925 13 1.40541 0 0 13 0(-100%)
979 34 3.47293 0 0 31 0(-100%)
908 36 3.96476 0 0 35 0(-100%)
951 53 5.57308 0 0 52 0(-100%)
978 57 5.82822 0 0 55 0(-100%)
987 80 8.10537 0 0 79 0(-100%)
1020 83 8.13725 0 0 82 0(-100%)
939 109 11.6081 0 0 109 0(-100%)
941 108 11.4772 0 0 107 0(-100%)
932 99 10.6223 0 0 99 0(-100%)
988 101 10.2227 0 0 100 0(-100%)
905 113 12.4862 1 7 112 7(-93.75%)
908 134 14.7577 0 0 133 0(-100%)
913 153 16.7579 0 0 152 0(-100%)
947 128 13.5164 0 0 126 0(-100%)
967 144 14.8914 0 0 144 0(-100%)
906 160 17.66 1 7 164 7(-95.7317%)
948 178 18.7764 2 14 179 14(-92.1788%)
918 188 20.4793 2 14 191 14(-92.6702%)
973 202 20.7605 3 22 205 22(-89.2683%)
924 214 23.1602 5 39 223 39(-82.5112%)
1012 220 21.7391 3 21 227 21(-90.7489%)
950 237 24.9474 6 42 251 42(-83.2669%)
904 225 24.8894 6 44 234 44(-81.1966%)
1008 245 24.3056 6 43 255 43(-83.1373%)
955 240 25.1309 5 35 251 35(-86.0558%)
933 256 27.4384 12 86 289 86(-70.2422%)
951 259 27.2345 8 57 276 57(-79.3478%)
889 244 27.4466 15 109 280 109(-61.0714%)
960 267 27.8125 15 113 297 113(-61.9529%)
946 260 27.4841 15 106 296 106(-64.1892%)
961 284 29.5525 19 140 323 140(-56.6563%)
924 272 29.4372 14 100 310 100(-67.7419%)
877 269 30.6727 21 163 317 163(-48.5804%)
930 287 30.8602 20 143 338 143(-57.6923%)
947 296 31.2566 19 141 344 141(-59.0116%)
914 293 32.0569 17 125 328 125(-61.8902%)
951 290 30.4942 29 205 373 205(-45.0402%)
942 276 29.2994 25 180 350 180(-48.5714%)
977 307 31.4227 34 244 418 244(-41.6268%)
930 291 31.2903 43 298 426 298(-30.0469%)
936 323 34.5085 34 244 398 244(-38.6935%)
908 301 33.1498 36 262 400 262(-34.5%)
910 308 33.8462 42 295 422 295(-30.0948%)
952 329 34.5588 45 332 451 332(-26.3858%)
935 315 33.6898 47 340 434 340(-21.659%)
966 330 34.1615 41 293 441 293(-33.5601%)
921 310 33.6591 49 360 461 360(-21.9089%)
884 291 32.9186 50 355 461 355(-22.9935%)
