918 11 1.19826 0 0 11 0(-100%)
926 15 1.61987 0 0 14 0(-100%)
887 30 3.38219 0 0 27 0(-100%)
983 45 4.57782 0 0 41 0(-100%)
965 50 5.18135 0 0 50 0(-100%)
890 58 6.51685 0 0 57 0(-100%)
911 52 5.70801 0 0 50 0(-100%)
958 79 8.24635 0 0 77 0(-100%)
927 79 8.52211 0 0 78 0(-100%)
909 93 10.231 0 0 91 0(-100%)
909 112 12.3212 0 0 110 0(-100%)
957 109 11.3898 1 7 112 7(-93.75%)
904 106 11.7257 0 0 104 0(-100%)
934 117 12.5268 0 0 118 0(-100%)
995 126 12.6633 0 0 125 0(-100%)
984 166 16.8699 0 0 165 0(-100%)
996 166 16.6667 2 14 172 14(-91.8605%)
927 161 17.3679 0 0 162 0(-100%)
912 149 16.3377 1 7 152 7(-95.3947%)
933 199 21.329 2 15 199 15(-92.4623%)
934 195 20.8779 2 14 198 14(-92.9293%)
903 193 21.3732 3 21 203 21(-89.6552%)
912 196 21.4912 3 22 199 22(-88.9447%)
925 187 20.2162 2 17 193 17(-91.1917%)
926 216 23.3261 3 21 222 21(-90.5405%)
941 252 26.78 8 64 265 64(-75.8491%)
961 250 26.0146 5 36 258 36(-86.0465%)
955 268 28.0628 10 75 289 75(-74.0484%)
955 292 30.5759 10 75 312 75(-75.9615%)
914 237 25.93 10 76 252 76(-69.8413%)
919 241 26.2242 11 77 268 77(-71.2687%)
940 264 28.0851 10 71 282 71(-74.8227%)
930 284 30.5376 13 103 311 103(-66.881%)
951 275 28.9169 13 94 306 94(-69.281%)
1006 308 30.6163 14 100 339 100(-70.5015%)
915 293 32.0219 29 220 366 220(-39.8907%)
912 265 29.057 24 171 319 171(-46.395%)
944 290 30.7203 27 190 366 190(-48.0874%)
993 319 32.1249 32 231 412 231(-43.932%)
927 282 30.4207 29 206 371 206(-44.4744%)
936 280 29.9145 32 229 385 229(-40.5195%)
978 301 30.7771 33 234 401 234(-41.6459%)
979 325 33.1971 30 219 402 219(-45.5224%)
930 304 32.6882 45 324 428 324(-24.2991%)
954 307 32.1803 38 268 434 268(-38.2488%)
923 311 33.6945 42 306 428 306(-28.5047%)
912 295 32.3465 47 351 451 351(-22.1729%)
959 314 32.7424 43 309 436 309(-29.1284%)
952 312 32.7731 52 370 473 370(-21.7759%)
958 311 32.4635 53 379 483 379(-21.5321%)
