968 11 1.13636 0 0 8 0(-100%)
965 16 1.65803 0 0 14 0(-100%)
926 33 3.56371 0 0 33 0(-100%)
969 34 3.50877 0 0 32 0(-100%)
922 46 4.98915 0 0 45 0(-100%)
920 50 5.43478 0 0 50 0(-100%)
965 75 7.77202 0 0 75 0(-100%)
964 80 8.29876 0 0 78 0(-100%)
967 79 8.1696 0 0 78 0(-100%)
963 95 9.86501 0 0 94 0(-100%)
985 112 11.3706 0 0 111 0(-100%)
952 114 11.9748 0 0 113 0(-100%)
940 133 14.1489 1 7 136 7(-94.8529%)
952 132 13.8655 0 0 132 0(-100%)
980 146 14.898 1 7 148 7(-95.2703%)
939 162 17.2524 0 0 165 0(-100%)
998 193 19.3387 0 0 192 0(-100%)
977 167 17.0931 1 7 168 7(-95.8333%)
935 163 17.4332 0 0 161 0(-100%)
984 187 19.0041 0 0 186 0(-100%)
984 219 22.2561 4 29 223 29(-86.9955%)
997 223 22.3671 3 21 234 21(-91.0256%)
937 211 22.5187 1 7 212 7(-96.6981%)
921 181 19.6526 3 21 186 21(-88.7097%)
951 239 25.1314 8 57 254 57(-77.5591%)
995 224 22.5126 6 42 244 42(-82.7869%)
944 234 24.7881 8 56 257 56(-78.2101%)
1013 280 27.6407 12 93 300 93(-69%)
965 260 26.943 9 64 277 64(-76.8953%)
960 269 28.0208 10 77 298 77(-74.1611%)
985 274 27.8173 11 78 296 78(-73.6486%)
984 293 29.7764 19 146 334 146(-56.2874%)
906 268 29.5806 18 129 312 129(-58.6538%)
946 273 28.8584 17 120 316 120(-62.0253%)
943 289 30.6469 20 142 343 142(-58.6006%)
926 265 28.6177 23 163 330 163(-50.6061%)
926 280 30.2376 24 175 345 175(-49.2754%)
948 307 32.384 26 188 381 188(-50.6562%)
925 291 31.4595 34 239 377 239(-36.6048%)
932 304 32.618 31 224 368 224(-39.1304%)
939 314 33.4398 28 199 378 199(-47.3545%)
953 303 31.7943 32 236 399 236(-40.8521%)
964 314 32.5726 32 235 405 235(-41.9753%)
993 305 30.715 43 311 439 311(-29.1572%)
934 316 33.833 46 329 433 329(-24.0185%)
940 302 32.1277 37 267 410 267(-34.878%)
941 314 33.3688 37 270 427 270(-36.7681%)
911 306 33.5895 47 336 441 336(-23.8095%)
957 328 34.2738 56 406 491 406(-17.3116%)
934 309 33.0835 56 402 483 402(-16.7702%)
