972 10 1.02881 0 0 8 0(-100%)
925 21 2.27027 0 0 18 0(-100%)
941 35 3.71945 0 0 35 0(-100%)
971 51 5.25232 0 0 49 0(-100%)
969 53 5.46956 0 0 50 0(-100%)
961 78 8.11655 0 0 75 0(-100%)
932 67 7.18884 0 0 65 0(-100%)
1005 80 7.9602 0 0 81 0(-100%)
964 74 7.67635 0 0 72 0(-100%)
958 98 10.2296 0 0 97 0(-100%)
919 97 10.555 0 0 95 0(-100%)
968 138 14.2562 0 0 137 0(-100%)
906 109 12.0309 0 0 107 0(-100%)
944 152 16.1017 0 0 153 0(-100%)
974 131 13.4497 0 0 130 0(-100%)
957 150 15.674 0 0 149 0(-100%)
939 170 18.1044 0 0 168 0(-100%)
972 181 18.6214 1 7 184 7(-96.1957%)
971 182 18.7436 3 22 184 22(-88.0435%)
999 198 19.8198 2 14 206 14(-93.2039%)
950 204 21.4737 1 7 204 7(-96.5686%)
986 208 21.0953 1 7 208 7(-96.6346%)
964 222 23.029 3 21 235 21(-91.0638%)
1002 228 22.7545 4 29 237 29(-87.7637%)
935 233 24.9198 9 67 248 67(-72.9839%)
881 205 23.269 3 22 208 22(-89.4231%)
970 248 25.567 9 64 271 64(-76.3838%)
1029 267 25.9475 7 50 282 50(-82.2695%)
1008 279 27.6786 8 57 295 57(-80.678%)
949 267 28.1349 17 123 301 123(-59.1362%)
941 268 28.4803 13 93 298 93(-68.7919%)
921 270 29.316 14 101 312 101(-67.6282%)
903 255 28.2392 12 88 287 88(-69.338%)
961 281 29.2404 17 119 328 119(-63.7195%)
950 279 29.3684 17 121 320 121(-62.1875%)
930 264 28.3871 18 127 314 127(-59.5541%)
938 286 30.4904 23 162 345 162(-53.0435%)
965 303 31.399 22 164 354 164(-53.6723%)
960 302 31.4583 29 205 378 205(-45.7672%)
1019 340 33.366 35 255 431 255(-40.8353%)
938 303 32.3028 31 229 381 229(-39.895%)
982 312 31.7719 39 276 419 276(-34.1289%)
989 323 32.6593 34 247 408 247(-39.4608%)
933 301 32.2615 33 243 394 243(-38.3249%)
942 324 34.3949 40 291 429 291(-32.1678%)
931 292 31.3641 45 319 433 319(-26.3279%)
961 305 31.7378 48 349 460 349(-24.1304%)
985 327 33.198 49 354 479 354(-26.096%)
968 309 31.9215 44 314 436 314(-27.9817%)
970 316 32.5773 58 414 500 414(-17.2%)
