991 18 1.81635 0 0 14 0(-100%)
998 21 2.10421 0 0 21 0(-100%)
985 29 2.94416 0 0 29 0(-100%)
953 28 2.93809 0 0 28 0(-100%)
938 46 4.90405 0 0 42 0(-100%)
1029 59 5.73372 0 0 56 0(-100%)
964 64 6.639 0 0 63 0(-100%)
946 84 8.87949 0 0 82 0(-100%)
963 104 10.7996 0 0 100 0(-100%)
956 98 10.251 0 0 98 0(-100%)
955 125 13.089 0 0 124 0(-100%)
965 108 11.1917 0 0 108 0(-100%)
951 118 12.408 0 0 116 0(-100%)
953 144 15.1102 0 0 143 0(-100%)
935 153 16.3636 0 0 151 0(-100%)
949 155 16.333 0 0 152 0(-100%)
941 171 18.1722 1 7 173 7(-95.9538%)
928 170 18.319 1 7 171 7(-95.9064%)
952 173 18.1723 2 14 179 14(-92.1788%)
938 198 21.1087 0 0 199 0(-100%)
906 196 21.6336 0 0 195 0(-100%)
952 192 20.1681 4 28 206 28(-86.4078%)
941 205 21.7853 1 7 207 7(-96.6184%)
893 212 23.7402 2 14 215 14(-93.4884%)
907 215 23.7045 5 35 230 35(-84.7826%)
954 229 24.0042 8 58 243 58(-76.1317%)
915 251 27.4317 10 70 267 70(-73.7828%)
945 252 26.6667 6 42 267 42(-84.2697%)
962 235 24.4283 12 86 258 86(-66.6667%)
945 260 27.5132 9 65 278 65(-76.6187%)
892 251 28.139 11 80 274 80(-70.8029%)
928 282 30.3879 21 154 333 154(-53.7538%)
960 272 28.3333 19 137 325 137(-57.8462%)
965 303 31.399 17 124 344 124(-63.9535%)
927 282 30.4207 19 133 332 133(-59.9398%)
982 306 31.1609 24 173 356 173(-51.4045%)
947 267 28.1943 14 103 308 103(-66.5584%)
951 283 29.7581 24 178 355 178(-49.8592%)
920 310 33.6957 29 214 370 214(-42.1622%)
926 299 32.2894 31 221 391 221(-43.4783%)
926 295 31.8575 41 298 414 298(-28.0193%)
936 300 32.0513 35 259 399 259(-35.0877%)
947 308 32.5238 35 249 406 249(-38.67%)
915 300 32.7869 32 226 392 226(-42.3469%)
947 297 31.3622 44 313 430 313(-27.2093%)
941 300 31.881 39 276 415 276(-33.494%)
957 314 32.8109 45 322 454 322(-29.0749%)
906 310 34.2163 47 341 436 341(-21.789%)
956 325 33.9958 49 358 453 358(-20.9713%)
900 299 33.2222 56 408 470 408(-13.1915%)
