931 19 2.04082 0 0 16 0(-100%)
1015 17 1.67488 0 0 16 0(-100%)
972 38 3.90947 0 0 35 0(-100%)
982 35 3.56415 0 0 33 0(-100%)
905 46 5.08287 0 0 46 0(-100%)
981 65 6.62589 0 0 64 0(-100%)
882 64 7.25624 0 0 64 0(-100%)
941 73 7.7577 0 0 72 0(-100%)
938 78 8.31557 0 0 78 0(-100%)
934 80 8.56531 0 0 82 0(-100%)
943 118 12.5133 1 7 117 7(-94.0171%)
917 98 10.687 0 0 97 0(-100%)
940 114 12.1277 1 7 115 7(-93.913%)
949 131 13.804 0 0 131 0(-100%)
953 153 16.0546 0 0 151 0(-100%)
946 151 15.9619 0 0 151 0(-100%)
979 175 17.8754 2 14 180 14(-92.2222%)
928 158 17.0259 1 7 157 7(-95.5414%)
925 160 17.2973 0 0 157 0(-100%)
948 203 21.4135 5 38 207 38(-81.6425%)
1014 215 21.2032 2 14 220 14(-93.6364%)
923 208 22.5352 3 21 214 21(-90.1869%)
937 214 22.8388 8 56 232 56(-75.8621%)
963 206 21.3915 4 28 217 28(-87.0968%)
960 223 23.2292 7 49 234 49(-79.0598%)
942 214 22.7176 2 15 215 15(-93.0233%)
954 220 23.0608 2 14 225 14(-93.7778%)
916 258 28.1659 8 56 267 56(-79.0262%)
976 258 26.4344 18 129 306 129(-57.8431%)
950 273 28.7368 18 127 318 127(-60.0629%)
966 271 28.0538 15 110 300 110(-63.3333%)
945 275 29.1005 10 70 302 70(-76.8212%)
914 253 27.6805 14 98 292 98(-66.4384%)
938 265 28.2516 17 123 314 123(-60.828%)
912 281 30.8114 20 156 329 156(-52.5836%)
891 280 31.4254 11 88 308 88(-71.4286%)
959 291 30.3441 26 195 346 195(-43.6416%)
970 314 32.3711 18 129 355 129(-63.662%)
935 303 32.4064 24 172 368 172(-53.2609%)
930 309 33.2258 27 193 376 193(-48.6702%)
926 300 32.3974 28 200 368 200(-45.6522%)
903 286 31.6722 33 243 380 243(-36.0526%)
965 305 31.6062 39 275 429 275(-35.8974%)
963 334 34.6833 35 254 421 254(-39.6675%)
945 296 31.3228 33 237 407 237(-41.769%)
901 286 31.7425 46 325 449 325(-27.6169%)
995 319 32.0603 42 294 457 294(-35.6674%)
943 319 33.8282 46 341 450 341(-24.2222%)
982 330 33.6049 45 321 458 321(-29.9127%)
1003 337 33.5992 61 436 521 436(-16.3148%)
