960 10 1.04167 0 0 9 0(-100%)
889 20 2.24972 0 0 19 0(-100%)
949 28 2.95047 0 0 27 0(-100%)
917 40 4.36205 0 0 38 0(-100%)
1003 47 4.68594 0 0 45 0(-100%)
939 59 6.28328 0 0 59 0(-100%)
925 84 9.08108 0 0 83 0(-100%)
931 69 7.41139 0 0 69 0(-100%)
951 96 10.0946 0 0 95 0(-100%)
923 94 10.1842 0 0 91 0(-100%)
911 105 11.5258 0 0 103 0(-100%)
905 112 12.3757 0 0 112 0(-100%)
932 117 12.5536 0 0 115 0(-100%)
942 128 13.5881 0 0 127 0(-100%)
977 152 15.5578 1 7 152 7(-95.3947%)
906 150 16.5563 1 7 153 7(-95.4248%)
976 156 15.9836 0 0 156 0(-100%)
962 179 18.6071 1 7 179 7(-96.0894%)
941 177 18.8098 0 0 176 0(-100%)
948 200 21.097 2 14 204 14(-93.1373%)
971 189 19.4645 2 14 193 14(-92.7461%)
959 228 23.7748 2 14 234 14(-94.0171%)
939 193 20.5538 2 15 196 15(-92.3469%)
978 203 20.7566 1 7 203 7(-96.5517%)
994 234 23.5412 3 21 242 21(-91.3223%)
959 243 25.3389 12 89 266 89(-66.5414%)
990 249 25.1515 5 28 257 28(-89.1051%)
900 246 27.3333 4 28 255 28(-89.0196%)
978 246 25.1534 9 64 268 64(-76.1194%)
940 266 28.2979 16 115 299 115(-61.5385%)
931 251 26.9603 14 100 283 100(-64.6643%)
950 283 29.7895 15 108 315 108(-65.7143%)
927 266 28.6947 18 132 310 132(-57.4194%)
953 277 29.0661 12 92 294 92(-68.7075%)
946 299 31.6068 27 195 355 195(-45.0704%)
978 304 31.0838 17 115 331 115(-65.2568%)
932 273 29.2918 13 94 313 94(-69.9681%)
930 310 33.3333 26 184 368 184(-50%)
977 304 31.1157 27 203 362 203(-43.9227%)
950 294 30.9474 24 185 346 185(-46.5318%)
956 308 32.2176 38 278 399 278(-30.3258%)
931 300 32.2234 34 246 380 246(-35.2632%)
951 325 34.1746 33 252 399 252(-36.8421%)
946 300 31.7125 41 290 423 290(-31.4421%)
930 293 31.5054 37 273 399 273(-31.5789%)
965 322 33.3679 42 303 441 303(-31.2925%)
971 312 32.1318 44 321 451 321(-28.8248%)
951 312 32.8076 43 310 437 310(-29.0618%)
938 304 32.4094 59 418 486 418(-13.9918%)
883 308 34.8811 52 375 448 375(-16.2946%)
