959 12 1.2513 0 0 9 0(-100%)
961 27 2.80957 0 0 25 0(-100%)
917 31 3.38059 0 0 29 0(-100%)
1000 48 4.8 0 0 45 0(-100%)
949 50 5.2687 0 0 48 0(-100%)
945 51 5.39683 0 0 50 0(-100%)
963 61 6.33437 0 0 59 0(-100%)
992 84 8.46774 0 0 83 0(-100%)
928 92 9.91379 0 0 92 0(-100%)
942 98 10.4034 0 0 96 0(-100%)
935 94 10.0535 0 0 93 0(-100%)
961 108 11.2383 1 7 110 7(-93.6364%)
951 124 13.0389 0 0 123 0(-100%)
982 150 15.2749 0 0 150 0(-100%)
979 162 16.5475 0 0 160 0(-100%)
970 161 16.5979 1 7 161 7(-95.6522%)
939 138 14.6965 0 0 137 0(-100%)
1061 208 19.6041 1 7 207 7(-96.6184%)
948 173 18.2489 2 14 176 14(-92.0455%)
1001 194 19.3806 3 21 204 21(-89.7059%)
931 181 19.4415 0 0 180 0(-100%)
965 226 23.4197 6 43 234 43(-81.6239%)
993 200 20.141 6 42 214 42(-80.3738%)
977 227 23.2344 3 22 230 22(-90.4348%)
926 225 24.2981 4 28 241 28(-88.3817%)
937 224 23.9061 6 46 238 46(-80.6723%)
967 239 24.7156 4 28 246 28(-88.6179%)
975 254 26.0513 5 37 268 37(-86.194%)
949 257 27.0811 13 94 287 94(-67.2474%)
916 234 25.5459 8 56 251 56(-77.6892%)
918 269 29.3028 12 85 299 85(-71.5719%)
902 260 28.8248 10 72 277 72(-74.0072%)
943 273 28.9502 15 113 301 113(-62.4585%)
972 289 29.7325 20 141 347 141(-59.366%)
947 300 31.679 20 145 342 145(-57.6023%)
958 299 31.2109 22 160 351 160(-54.416%)
959 286 29.8227 21 152 336 152(-54.7619%)
957 283 29.5716 33 237 367 237(-35.4223%)
973 315 32.3741 27 211 375 211(-43.7333%)
961 313 32.5702 29 212 386 212(-45.0777%)
910 307 33.7363 30 214 382 214(-43.9791%)
976 312 31.9672 32 225 399 225(-43.609%)
925 299 32.3243 32 225 394 225(-42.8934%)
950 312 32.8421 45 332 455 332(-27.033%)
944 326 34.5339 45 333 451 333(-26.1641%)
937 294 31.3767 39 278 417 278(-33.3333%)
931 299 32.116 47 335 442 335(-24.2081%)
1001 333 33.2667 56 409 496 409(-17.5403%)
976 319 32.6844 54 388 482 388(-19.5021%)
975 309 31.6923 53 376 489 376(-23.1084%)
