940 15 1.59574 0 0 12 0(-100%)
908 21 2.31278 0 0 20 0(-100%)
973 31 3.18602 0 0 30 0(-100%)
967 49 5.06722 0 0 47 0(-100%)
950 56 5.89474 0 0 56 0(-100%)
869 45 5.17837 0 0 43 0(-100%)
979 69 7.04801 0 0 68 0(-100%)
925 83 8.97297 0 0 80 0(-100%)
945 69 7.30159 0 0 68 0(-100%)
967 114 11.789 0 0 114 0(-100%)
967 125 12.9266 0 0 123 0(-100%)
940 109 11.5957 0 0 110 0(-100%)
996 135 13.5542 0 0 129 0(-100%)
939 135 14.377 1 7 139 7(-94.964%)
938 140 14.9254 1 7 141 7(-95.0355%)
975 163 16.7179 0 0 163 0(-100%)
946 179 18.9218 2 14 181 14(-92.2652%)
945 168 17.7778 0 0 166 0(-100%)
947 167 17.6346 1 7 171 7(-95.9064%)
948 173 18.2489 2 14 175 14(-92%)
962 188 19.5426 3 21 196 21(-89.2857%)
953 213 22.3505 3 23 219 23(-89.4977%)
967 224 23.1644 3 21 229 21(-90.8297%)
967 217 22.4405 5 38 223 38(-82.9596%)
981 247 25.1784 7 49 256 49(-80.8594%)
925 232 25.0811 5 35 242 35(-85.5372%)
985 232 23.5533 6 43 242 43(-82.2314%)
935 262 28.0214 6 46 273 46(-83.1502%)
1032 277 26.8411 8 56 296 56(-81.0811%)
936 222 23.7179 8 56 244 56(-77.0492%)
949 263 27.7134 13 93 293 93(-68.2594%)
898 272 30.2895 19 137 316 137(-56.6456%)
882 246 27.8912 9 63 275 63(-77.0909%)
987 295 29.8886 18 129 332 129(-61.1446%)
1000 292 29.2 12 84 326 84(-74.2331%)
967 296 30.6101 13 94 326 94(-71.1656%)
950 291 30.6316 20 144 329 144(-56.231%)
932 295 31.6524 30 215 383 215(-43.8642%)
977 315 32.2416 39 279 418 279(-33.2536%)
992 315 31.754 23 168 373 168(-54.9598%)
949 330 34.7734 28 198 383 198(-48.3029%)
960 335 34.8958 37 281 420 281(-33.0952%)
934 306 32.7623 37 266 406 266(-34.4828%)
945 302 31.9577 34 247 411 247(-39.9027%)
903 287 31.7829 34 241 390 241(-38.2051%)
950 322 33.8947 43 312 448 312(-30.3571%)
941 317 33.6876 45 319 450 319(-29.1111%)
966 330 34.1615 41 302 444 302(-31.982%)
915 307 33.5519 51 367 452 367(-18.8053%)
918 307 33.4423 49 350 461 350(-24.0781%)
