907 274 30.2095 0 0 15 0(-100%)
936 297 31.7308 0 0 18 0(-100%)
918 294 32.0261 0 0 26 0(-100%)
936 304 32.4786 0 0 28 0(-100%)
944 345 36.5466 0 0 52 0(-100%)
926 317 34.2333 0 0 58 0(-100%)
943 330 34.9947 0 0 54 0(-100%)
919 348 37.8672 0 0 77 0(-100%)
996 379 38.0522 0 0 89 0(-100%)
926 351 37.905 0 0 117 0(-100%)
1001 407 40.6593 0 0 110 0(-100%)
944 364 38.5593 0 0 115 0(-100%)
961 390 40.5827 0 0 127 0(-100%)
996 406 40.7631 1 7 127 7(-94.4882%)
891 357 40.0673 1 7 151 7(-95.3642%)
952 389 40.8613 0 0 141 0(-100%)
984 412 41.8699 2 7 155 7(-95.4839%)
949 419 44.1517 3 14 176 14(-92.0455%)
953 399 41.8678 2 14 171 14(-91.8129%)
964 444 46.0581 4 16 192 16(-91.6667%)
987 434 43.9716 6 39 207 39(-81.1594%)
925 419 45.2973 8 42 216 42(-80.5556%)
963 446 46.3136 7 42 232 42(-81.8966%)
997 482 48.345 9 66 237 66(-72.1519%)
958 441 46.0334 11 43 243 43(-82.3045%)
904 407 45.0221 8 37 220 37(-83.1818%)
920 434 47.1739 13 94 240 94(-60.8333%)
975 477 48.9231 15 100 284 100(-64.7887%)
904 426 47.1239 18 108 263 108(-58.9354%)
936 446 47.6496 8 42 254 42(-83.4646%)
941 447 47.5027 15 98 292 98(-66.4384%)
976 476 48.7705 29 187 320 187(-41.5625%)
972 489 50.3086 25 163 332 163(-50.9036%)
980 483 49.2857 26 144 343 144(-58.0175%)
993 464 46.7271 42 275 387 275(-28.9406%)
935 443 47.3797 29 178 337 178(-47.181%)
932 451 48.3906 36 257 353 257(-27.1955%)
961 451 46.9303 26 181 342 181(-47.076%)
937 451 48.1323 33 204 339 204(-39.823%)
910 442 48.5714 35 252 355 252(-29.0141%)
906 424 46.7991 39 268 369 268(-27.3713%)
922 432 46.8547 38 249 379 249(-34.3008%)
956 453 47.3849 42 276 397 276(-30.4786%)
912 417 45.7237 46 339 406 339(-16.5025%)
955 458 47.9581 48 306 410 306(-25.3659%)
944 443 46.928 49 364 430 364(-15.3488%)
962 450 46.7775 55 362 436 362(-16.9725%)
969 425 43.8596 62 423 468 423(-9.61538%)
959 439 45.7769 60 398 464 398(-14.2241%)
961 428 44.5369 58 413 465 413(-11.1828%)
