957 12 1.25392 0 0 9 0(-100%)
1037 18 1.73578 0 0 16 0(-100%)
935 27 2.8877 0 0 24 0(-100%)
921 44 4.77742 0 0 42 0(-100%)
959 47 4.90094 0 0 44 0(-100%)
945 61 6.45503 0 0 59 0(-100%)
958 75 7.82881 0 0 72 0(-100%)
940 82 8.7234 0 0 80 0(-100%)
952 100 10.5042 0 0 99 0(-100%)
919 80 8.70511 0 0 78 0(-100%)
936 106 11.3248 0 0 105 0(-100%)
967 125 12.9266 0 0 122 0(-100%)
994 145 14.5875 0 0 141 0(-100%)
955 147 15.3927 1 7 147 7(-95.2381%)
965 161 16.6839 0 0 159 0(-100%)
944 158 16.7373 1 7 158 7(-95.5696%)
986 160 16.2272 0 0 159 0(-100%)
976 186 19.0574 0 0 184 0(-100%)
939 187 19.9148 1 7 185 7(-96.2162%)
933 188 20.1501 1 7 191 7(-96.3351%)
947 200 21.1193 0 0 199 0(-100%)
925 199 21.5135 3 21 203 21(-89.6552%)
918 217 23.6383 5 35 228 35(-84.6491%)
906 215 23.7307 5 35 224 35(-84.375%)
944 244 25.8475 7 49 257 49(-80.9339%)
941 235 24.9734 6 42 248 42(-83.0645%)
971 249 25.6437 12 85 274 85(-68.9781%)
915 251 27.4317 10 73 272 73(-73.1618%)
977 260 26.6121 6 45 274 45(-83.5766%)
914 255 27.8993 10 73 279 73(-73.8351%)
918 268 29.1939 12 80 283 80(-71.7314%)
954 264 27.673 13 95 294 95(-67.6871%)
957 288 30.094 13 97 312 97(-68.9103%)
990 296 29.899 15 109 317 109(-65.6151%)
936 281 30.0214 14 99 325 99(-69.5385%)
910 285 31.3187 23 169 338 169(-50%)
936 288 30.7692 25 185 352 185(-47.4432%)
936 306 32.6923 16 130 334 130(-61.0778%)
951 300 31.5457 32 235 388 235(-39.433%)
999 325 32.5325 32 245 408 245(-39.951%)
944 305 32.3093 37 261 407 261(-35.8722%)
994 327 32.8974 30 221 395 221(-44.0506%)
969 318 32.8173 36 264 418 264(-36.8421%)
920 287 31.1957 41 289 424 289(-31.8396%)
943 326 34.5705 36 259 404 259(-35.8911%)
907 293 32.3043 45 327 435 327(-24.8276%)
969 299 30.8566 50 363 470 363(-22.766%)
964 307 31.8465 47 337 460 337(-26.7391%)
999 326 32.6326 53 380 497 380(-23.5412%)
960 313 32.6042 48 351 469 351(-25.1599%)
