940 17 1.80851 0 0 15 0(-100%)
898 20 2.22717 0 0 12 0(-100%)
969 30 3.09598 0 0 25 0(-100%)
934 50 5.35332 0 0 47 0(-100%)
956 45 4.70711 0 0 39 0(-100%)
978 61 6.23722 0 0 55 0(-100%)
923 62 6.71723 0 0 60 0(-100%)
980 69 7.04082 0 0 67 0(-100%)
974 101 10.3696 0 0 99 0(-100%)
994 113 11.3682 0 0 111 0(-100%)
964 91 9.43983 0 0 86 0(-100%)
948 105 11.0759 0 0 102 0(-100%)
963 134 13.9148 0 0 130 0(-100%)
933 148 15.8628 1 7 146 7(-95.2055%)
942 154 16.3482 1 7 152 7(-95.3947%)
937 143 15.2615 1 7 142 7(-95.0704%)
940 150 15.9574 1 7 149 7(-95.302%)
978 175 17.8937 2 14 173 14(-91.9075%)
1019 207 20.314 1 7 203 7(-96.5517%)
940 182 19.3617 2 14 179 14(-92.1788%)
979 206 21.0419 1 7 207 7(-96.6184%)
900 188 20.8889 3 23 187 23(-87.7005%)
928 196 21.1207 2 14 203 14(-93.1034%)
968 225 23.2438 1 7 227 7(-96.9163%)
938 222 23.6674 5 39 227 39(-82.8194%)
977 226 23.132 3 22 228 22(-90.3509%)
912 235 25.7675 11 81 252 81(-67.8571%)
945 243 25.7143 9 64 260 64(-75.3846%)
958 246 25.6785 11 78 264 78(-70.4545%)
937 245 26.1473 9 68 262 68(-74.0458%)
924 262 28.355 10 73 279 73(-73.8351%)
1024 315 30.7617 18 131 343 131(-61.8076%)
965 283 29.3264 12 87 306 87(-71.5686%)
968 289 29.8554 20 141 343 141(-58.8921%)
979 288 29.4178 19 138 331 138(-58.3082%)
936 292 31.1966 19 146 331 146(-55.8912%)
975 292 29.9487 31 224 385 224(-41.8182%)
933 310 33.2262 22 157 365 157(-56.9863%)
982 317 32.2811 28 205 387 205(-47.0284%)
967 316 32.6784 30 219 395 219(-44.557%)
942 289 30.6794 28 202 369 202(-45.2575%)
909 292 32.1232 36 256 387 256(-33.8501%)
958 315 32.881 36 261 405 261(-35.5556%)
981 325 33.1295 33 236 410 236(-42.439%)
944 291 30.8263 40 285 413 285(-30.9927%)
937 296 31.5902 41 300 408 300(-26.4706%)
955 316 33.089 48 347 459 347(-24.4009%)
932 290 31.1159 51 366 451 366(-18.847%)
941 313 33.2625 45 322 445 322(-27.6404%)
985 331 33.6041 52 375 488 375(-23.1557%)
