956 11 1.15063 0 0 9 0(-100%)
939 16 1.70394 0 0 13 0(-100%)
975 39 4 0 0 34 0(-100%)
990 46 4.64646 0 0 42 0(-100%)
957 51 5.32915 0 0 48 0(-100%)
931 60 6.44468 0 0 57 0(-100%)
952 78 8.19328 0 0 76 0(-100%)
1005 74 7.36318 0 0 73 0(-100%)
975 90 9.23077 0 0 89 0(-100%)
946 87 9.19662 0 0 85 0(-100%)
947 102 10.7709 0 0 98 0(-100%)
940 124 13.1915 1 7 122 7(-94.2623%)
950 142 14.9474 0 0 139 0(-100%)
971 165 16.9928 0 0 162 0(-100%)
946 138 14.5877 1 7 139 7(-94.964%)
953 177 18.5729 1 7 181 7(-96.1326%)
975 170 17.4359 0 0 168 0(-100%)
969 183 18.8854 0 0 180 0(-100%)
1031 198 19.2047 0 0 194 0(-100%)
908 179 19.7137 3 23 185 23(-87.5676%)
919 199 21.654 2 14 201 14(-93.0348%)
945 171 18.0952 2 14 175 14(-92%)
969 205 21.1558 2 14 209 14(-93.3014%)
953 227 23.8195 6 43 239 43(-82.0084%)
931 250 26.8528 8 57 262 57(-78.2443%)
891 212 23.7935 4 28 225 28(-87.5556%)
984 237 24.0854 4 30 248 30(-87.9032%)
894 225 25.1678 5 37 232 37(-84.0517%)
908 246 27.0925 9 64 261 64(-75.4789%)
967 260 26.8873 12 87 288 87(-69.7917%)
945 245 25.9259 9 70 260 70(-73.0769%)
899 256 28.4761 13 94 290 94(-67.5862%)
979 286 29.2135 17 120 327 120(-63.3028%)
952 301 31.6176 19 141 340 141(-58.5294%)
964 289 29.9793 22 157 328 157(-52.1341%)
992 311 31.3508 24 172 367 172(-53.1335%)
895 277 30.9497 21 151 330 151(-54.2424%)
905 290 32.0442 26 190 346 190(-45.0867%)
908 288 31.7181 20 144 334 144(-56.8862%)
976 328 33.6066 29 211 392 211(-46.1735%)
947 316 33.3685 31 238 390 238(-38.9744%)
947 316 33.3685 31 233 393 233(-40.7125%)
969 333 34.3653 32 235 428 235(-45.0935%)
949 325 34.2466 34 239 417 239(-42.6859%)
961 318 33.0905 40 285 427 285(-33.2553%)
981 324 33.0275 40 299 441 299(-32.1995%)
973 307 31.5519 44 313 441 313(-29.0249%)
928 325 35.0216 38 281 414 281(-32.1256%)
1005 320 31.8408 48 343 472 343(-27.3305%)
956 307 32.113 55 394 482 394(-18.2573%)
