961 19 1.97711 0 0 10 0(-100%)
999 42 4.2042 0 0 27 0(-100%)
923 33 3.5753 0 0 27 0(-100%)
902 51 5.6541 0 0 37 0(-100%)
955 52 5.44503 0 0 47 0(-100%)
965 69 7.15026 0 0 60 0(-100%)
999 82 8.20821 0 0 64 0(-100%)
922 86 9.32755 0 0 78 0(-100%)
988 95 9.61538 0 0 88 0(-100%)
993 111 11.1782 0 0 98 0(-100%)
934 106 11.349 0 0 96 0(-100%)
984 134 13.6179 0 0 127 0(-100%)
940 138 14.6809 0 0 128 0(-100%)
990 163 16.4646 0 0 151 0(-100%)
1031 169 16.3919 0 0 164 0(-100%)
932 157 16.8455 1 7 152 7(-95.3947%)
896 159 17.7455 1 8 157 8(-94.9045%)
986 184 18.6613 2 14 179 14(-92.1788%)
867 181 20.8766 3 21 186 21(-88.7097%)
936 215 22.9701 1 7 209 7(-96.6507%)
995 213 21.407 4 28 216 28(-87.037%)
929 218 23.4661 2 14 221 14(-93.6652%)
943 211 22.3754 3 24 213 24(-88.7324%)
993 253 25.4783 4 28 251 28(-88.8446%)
959 230 23.9833 7 52 237 52(-78.0591%)
1029 245 23.8095 3 22 241 22(-90.8714%)
922 257 27.8742 7 50 262 50(-80.916%)
940 259 27.5532 9 65 269 65(-75.8364%)
967 273 28.2316 12 91 295 91(-69.1525%)
937 252 26.8943 10 70 262 70(-73.2824%)
888 251 28.2658 11 79 271 79(-70.8487%)
964 284 29.4606 17 126 312 126(-59.6154%)
930 262 28.172 12 86 295 86(-70.8475%)
926 281 30.3456 20 143 323 143(-55.7276%)
947 278 29.3559 19 142 316 142(-55.0633%)
966 301 31.1594 26 193 362 193(-46.6851%)
916 288 31.441 19 130 335 130(-61.194%)
970 314 32.3711 27 199 380 199(-47.6316%)
940 314 33.4043 31 224 382 224(-41.3613%)
944 295 31.25 26 188 349 188(-46.1318%)
1018 350 34.3811 35 256 429 256(-40.3263%)
978 331 33.8446 38 276 412 276(-33.0097%)
1014 350 34.5168 43 326 456 326(-28.5088%)
953 302 31.6894 48 340 456 340(-25.4386%)
937 310 33.0843 43 316 433 316(-27.0208%)
928 307 33.0819 34 239 404 239(-40.8416%)
912 313 34.3202 36 257 408 257(-37.0098%)
979 321 32.7886 42 320 443 320(-27.7652%)
935 323 34.5455 52 380 475 380(-20%)
1020 341 33.4314 64 459 534 459(-14.0449%)
