946 17 1.79704 0 0 12 0(-100%)
949 21 2.21286 0 0 15 0(-100%)
1019 34 3.3366 0 0 27 0(-100%)
976 49 5.02049 0 0 45 0(-100%)
960 52 5.41667 0 0 46 0(-100%)
1023 61 5.96285 0 0 58 0(-100%)
984 72 7.31707 0 0 70 0(-100%)
918 76 8.27887 0 0 66 0(-100%)
920 76 8.26087 0 0 73 0(-100%)
990 91 9.19192 0 0 86 0(-100%)
943 120 12.7253 0 0 115 0(-100%)
921 117 12.7036 0 0 114 0(-100%)
917 115 12.5409 0 0 112 0(-100%)
996 135 13.5542 0 0 132 0(-100%)
960 178 18.5417 1 7 174 7(-95.977%)
930 136 14.6237 0 0 132 0(-100%)
967 168 17.3733 0 0 163 0(-100%)
989 173 17.4924 2 14 172 14(-91.8605%)
977 186 19.0379 1 7 187 7(-96.2567%)
951 181 19.0326 1 9 178 9(-94.9438%)
975 198 20.3077 3 22 200 22(-89%)
912 202 22.1491 1 7 202 7(-96.5347%)
987 212 21.4792 3 21 212 21(-90.0943%)
905 217 23.9779 4 29 213 29(-86.385%)
1001 237 23.6763 5 36 245 36(-85.3061%)
931 243 26.101 3 21 247 21(-91.498%)
969 253 26.1094 6 44 266 44(-83.4586%)
911 248 27.2228 6 44 256 44(-82.8125%)
908 240 26.4317 4 29 246 29(-88.2114%)
908 244 26.8722 12 91 263 91(-65.3992%)
968 260 26.8595 12 92 286 92(-67.8322%)
980 284 28.9796 16 115 316 115(-63.6076%)
995 287 28.8442 14 99 329 99(-69.9088%)
989 277 28.0081 15 108 325 108(-66.7692%)
946 270 28.5412 18 127 325 127(-60.9231%)
953 275 28.8562 27 194 364 194(-46.7033%)
912 282 30.9211 21 156 336 156(-53.5714%)
972 324 33.3333 28 206 375 206(-45.0667%)
938 308 32.8358 28 206 377 206(-45.3581%)
965 303 31.399 33 241 390 241(-38.2051%)
924 292 31.6017 26 192 364 192(-47.2527%)
954 286 29.979 43 307 423 307(-27.4232%)
934 304 32.5482 38 285 401 285(-28.9277%)
993 346 34.8439 38 285 439 285(-35.0797%)
966 321 33.2298 40 304 430 304(-29.3023%)
966 319 33.0228 43 312 436 312(-28.4404%)
938 323 34.435 45 324 431 324(-24.826%)
939 323 34.3983 44 320 441 320(-27.4376%)
1033 352 34.0755 55 403 500 403(-19.4%)
872 273 31.3073 56 398 470 398(-15.3191%)
