953 15 1.57398 0 0 5 0(-100%)
956 28 2.92887 0 0 16 0(-100%)
932 34 3.64807 0 0 24 0(-100%)
947 41 4.32946 0 0 29 0(-100%)
943 54 5.72641 0 0 43 0(-100%)
988 66 6.68016 0 0 57 0(-100%)
929 64 6.88913 0 0 53 0(-100%)
963 96 9.96885 0 0 89 0(-100%)
947 109 11.51 0 0 102 0(-100%)
989 92 9.30233 0 0 80 0(-100%)
1002 123 12.2754 0 0 110 0(-100%)
957 114 11.9122 0 0 106 0(-100%)
938 120 12.7932 0 0 111 0(-100%)
943 141 14.9523 1 7 136 7(-94.8529%)
948 133 14.0295 0 0 128 0(-100%)
963 165 17.134 0 0 158 0(-100%)
953 164 17.2088 2 14 159 14(-91.195%)
965 165 17.0984 0 0 159 0(-100%)
978 183 18.7117 0 0 174 0(-100%)
953 184 19.3075 2 14 185 14(-92.4324%)
906 189 20.8609 2 14 184 14(-92.3913%)
974 224 22.9979 2 14 222 14(-93.6937%)
955 238 24.9215 3 21 232 21(-90.9483%)
944 239 25.3178 5 36 239 36(-84.9372%)
930 233 25.0538 7 50 239 50(-79.0795%)
895 215 24.0223 10 70 238 70(-70.5882%)
956 258 26.9874 10 71 268 71(-73.5075%)
949 251 26.4489 7 52 257 52(-79.7665%)
965 271 28.0829 10 70 289 70(-75.7785%)
924 262 28.355 5 36 266 36(-86.4662%)
967 289 29.8862 12 86 307 86(-71.987%)
945 268 28.3598 19 137 310 137(-55.8065%)
937 291 31.0566 13 95 313 95(-69.6486%)
964 298 30.9129 14 95 330 95(-71.2121%)
987 305 30.9017 19 131 347 131(-62.2478%)
947 290 30.623 25 179 338 179(-47.0414%)
941 298 31.6684 30 207 380 207(-45.5263%)
948 305 32.173 27 198 363 198(-45.4545%)
924 286 30.9524 27 188 351 188(-46.4387%)
952 320 33.6134 28 207 378 207(-45.2381%)
1001 332 33.1668 41 293 442 293(-33.7104%)
964 319 33.0913 40 288 418 288(-31.1005%)
980 323 32.9592 37 274 431 274(-36.4269%)
934 329 35.2248 37 270 424 270(-36.3208%)
953 309 32.4239 44 323 436 323(-25.9174%)
986 335 33.9757 48 347 451 347(-23.0599%)
924 311 33.658 44 317 450 317(-29.5556%)
929 323 34.7686 49 359 457 359(-21.4442%)
918 314 34.2048 47 339 456 339(-25.6579%)
959 341 35.5579 51 371 469 371(-20.8955%)
