936 16 1.7094 0 0 8 0(-100%)
949 30 3.16122 0 0 21 0(-100%)
951 42 4.4164 0 0 36 0(-100%)
947 33 3.48469 0 0 27 0(-100%)
911 47 5.15917 0 0 40 0(-100%)
973 79 8.11922 0 0 74 0(-100%)
970 72 7.42268 0 0 67 0(-100%)
960 72 7.5 0 0 69 0(-100%)
930 83 8.92473 0 0 81 0(-100%)
973 88 9.04419 0 0 83 0(-100%)
918 101 11.0022 0 0 98 0(-100%)
948 101 10.654 0 0 99 0(-100%)
985 138 14.0102 0 0 132 0(-100%)
1004 123 12.251 0 0 122 0(-100%)
961 139 14.4641 1 7 135 7(-94.8148%)
921 122 13.2465 1 7 121 7(-94.2149%)
908 171 18.8326 2 15 170 15(-91.1765%)
922 181 19.6312 3 21 180 21(-88.3333%)
932 177 18.9914 1 7 175 7(-96%)
922 199 21.5835 3 21 199 21(-89.4472%)
945 220 23.2804 4 28 223 28(-87.4439%)
932 205 21.9957 2 16 204 16(-92.1569%)
930 201 21.6129 1 7 203 7(-96.5517%)
913 215 23.5487 5 35 231 35(-84.8485%)
926 233 25.162 3 21 235 21(-91.0638%)
974 230 23.614 4 28 235 28(-88.0851%)
950 251 26.4211 11 82 268 82(-69.403%)
903 240 26.5781 12 89 266 89(-66.5414%)
935 274 29.3048 10 70 291 70(-75.945%)
930 261 28.0645 13 96 288 96(-66.6667%)
945 271 28.6772 11 80 287 80(-72.1254%)
958 278 29.0188 17 121 326 121(-62.8834%)
994 285 28.672 16 113 322 113(-64.9068%)
943 288 30.5408 15 109 331 109(-67.0695%)
970 308 31.7526 20 151 339 151(-55.4572%)
999 325 32.5325 18 134 363 134(-63.0854%)
934 282 30.1927 18 131 324 131(-59.5679%)
1020 321 31.4706 37 270 420 270(-35.7143%)
1029 326 31.6812 28 203 394 203(-48.4772%)
970 313 32.268 27 191 381 191(-49.8688%)
938 330 35.1812 29 216 379 216(-43.0079%)
937 317 33.8314 48 351 444 351(-20.9459%)
977 325 33.2651 37 263 427 263(-38.4075%)
958 319 33.2985 40 307 417 307(-26.3789%)
963 314 32.6064 46 328 452 328(-27.4336%)
962 314 32.6403 48 344 454 344(-24.2291%)
946 307 32.4524 46 328 456 328(-28.0702%)
956 331 34.6234 51 392 480 392(-18.3333%)
879 283 32.1957 46 335 428 335(-21.729%)
927 327 35.2751 57 408 485 408(-15.8763%)
