960 19 1.97917 0 0 13 0(-100%)
918 23 2.50545 0 0 19 0(-100%)
895 30 3.35196 0 0 28 0(-100%)
914 33 3.6105 0 0 32 0(-100%)
958 49 5.11482 0 0 47 0(-100%)
937 66 7.04376 0 0 62 0(-100%)
949 68 7.16544 0 0 66 0(-100%)
1012 73 7.21344 0 0 71 0(-100%)
918 89 9.69499 0 0 86 0(-100%)
965 78 8.0829 0 0 78 0(-100%)
928 108 11.6379 0 0 108 0(-100%)
980 128 13.0612 0 0 124 0(-100%)
949 118 12.4341 0 0 118 0(-100%)
929 137 14.747 0 0 135 0(-100%)
1009 170 16.8484 1 7 168 7(-95.8333%)
938 149 15.8849 1 8 149 8(-94.6309%)
916 170 18.559 2 16 171 16(-90.6433%)
914 176 19.256 0 0 176 0(-100%)
945 180 19.0476 0 0 174 0(-100%)
939 205 21.8317 4 29 207 29(-85.9903%)
914 196 21.4442 2 15 200 15(-92.5%)
977 206 21.085 6 46 211 46(-78.1991%)
982 218 22.1996 1 7 217 7(-96.7742%)
952 227 23.8445 3 22 230 22(-90.4348%)
959 217 22.6277 8 57 232 57(-75.431%)
946 222 23.4672 5 36 236 36(-84.7458%)
951 232 24.3954 8 56 249 56(-77.51%)
980 264 26.9388 7 49 280 49(-82.5%)
947 254 26.8215 13 96 275 96(-65.0909%)
939 261 27.7955 9 66 272 66(-75.7353%)
940 270 28.7234 18 131 316 131(-58.5443%)
936 256 27.3504 13 96 293 96(-67.2355%)
893 267 29.8992 12 87 292 87(-70.2055%)
979 298 30.4392 17 126 332 126(-62.0482%)
972 300 30.8642 23 168 346 168(-51.4451%)
986 318 32.2515 18 133 356 133(-62.6404%)
936 297 31.7308 22 166 354 166(-53.1073%)
938 289 30.8102 18 131 328 131(-60.061%)
941 278 29.543 27 192 357 192(-46.2185%)
928 277 29.8491 18 129 319 129(-59.5611%)
952 329 34.5588 32 234 387 234(-39.5349%)
889 281 31.6085 32 226 374 226(-39.5722%)
974 312 32.0329 32 238 397 238(-40.0504%)
976 319 32.6844 45 324 451 324(-28.1596%)
981 324 33.0275 44 325 461 325(-29.5011%)
943 313 33.1919 37 271 414 271(-34.5411%)
919 303 32.9706 41 299 407 299(-26.5356%)
921 309 33.5505 48 347 453 347(-23.3996%)
928 311 33.5129 45 327 438 327(-25.3425%)
1002 342 34.1317 58 417 508 417(-17.9134%)
