944 8 0.847458 0 0 6 0(-100%)
949 23 2.4236 0 0 21 0(-100%)
957 36 3.76176 0 0 32 0(-100%)
910 43 4.72527 0 0 42 0(-100%)
950 45 4.73684 0 0 42 0(-100%)
986 55 5.57809 0 0 53 0(-100%)
921 68 7.38328 0 0 66 0(-100%)
957 84 8.77743 0 0 78 0(-100%)
987 83 8.40932 0 0 81 0(-100%)
950 96 10.1053 0 0 95 0(-100%)
969 106 10.9391 0 0 100 0(-100%)
927 106 11.4347 0 0 104 0(-100%)
947 118 12.4604 0 0 117 0(-100%)
992 134 13.5081 0 0 132 0(-100%)
983 157 15.9715 0 0 155 0(-100%)
952 159 16.7017 0 0 154 0(-100%)
944 154 16.3136 0 0 152 0(-100%)
933 164 17.5777 0 0 162 0(-100%)
882 160 18.1406 1 7 163 7(-95.7055%)
963 176 18.2762 0 0 175 0(-100%)
946 184 19.4503 1 7 188 7(-96.2766%)
985 220 22.335 3 21 227 21(-90.7489%)
937 213 22.7321 2 14 217 14(-93.5484%)
934 219 23.4475 3 22 223 22(-90.1345%)
985 227 23.0457 5 36 237 36(-84.8101%)
995 239 24.0201 7 49 258 49(-81.0078%)
953 244 25.6034 9 64 258 64(-75.1938%)
997 276 27.683 11 81 297 81(-72.7273%)
947 263 27.7719 9 66 278 66(-76.259%)
951 260 27.3396 10 72 286 72(-74.8252%)
996 276 27.7108 18 120 323 120(-62.8483%)
1012 302 29.8419 21 157 345 157(-54.4928%)
887 244 27.5085 14 103 276 103(-62.6812%)
928 281 30.2802 13 88 308 88(-71.4286%)
905 256 28.2873 16 119 299 119(-60.2007%)
1007 316 31.3803 33 240 404 240(-40.5941%)
919 288 31.3384 22 163 344 163(-52.6163%)
908 298 32.8194 24 179 353 179(-49.2918%)
908 291 32.0485 29 215 353 215(-39.0935%)
981 327 33.3333 33 232 412 232(-43.6893%)
956 322 33.682 34 248 397 248(-37.5315%)
917 296 32.2792 31 223 391 223(-42.9668%)
916 303 33.0786 40 290 420 290(-30.9524%)
994 320 32.1932 42 311 445 311(-30.1124%)
996 322 32.3293 39 279 441 279(-36.7347%)
963 343 35.6179 56 397 481 397(-17.4636%)
943 317 33.6161 47 342 459 342(-25.4902%)
930 316 33.9785 43 306 435 306(-29.6552%)
982 314 31.9756 53 376 480 376(-21.6667%)
892 306 34.3049 49 350 461 350(-24.0781%)
