957 16 1.67189 0 0 9 0(-100%)
906 20 2.20751 0 0 18 0(-100%)
985 35 3.5533 0 0 32 0(-100%)
962 44 4.5738 0 0 42 0(-100%)
919 59 6.42002 0 0 56 0(-100%)
931 57 6.12245 0 0 53 0(-100%)
953 53 5.56139 0 0 49 0(-100%)
945 76 8.04233 0 0 73 0(-100%)
934 89 9.52891 0 0 85 0(-100%)
964 88 9.12863 0 0 84 0(-100%)
1003 115 11.4656 0 0 112 0(-100%)
969 127 13.1063 1 7 128 7(-94.5312%)
943 136 14.4221 0 0 136 0(-100%)
960 130 13.5417 0 0 129 0(-100%)
948 134 14.135 0 0 133 0(-100%)
982 147 14.9695 1 7 147 7(-95.2381%)
983 152 15.4629 0 0 148 0(-100%)
973 176 18.0884 2 16 173 16(-90.7514%)
956 165 17.2594 1 7 169 7(-95.858%)
898 183 20.3786 1 7 182 7(-96.1538%)
899 212 23.5818 5 35 222 35(-84.2342%)
951 218 22.9232 3 22 223 22(-90.1345%)
965 229 23.7306 1 7 228 7(-96.9298%)
978 230 23.5174 4 28 233 28(-87.9828%)
897 210 23.4114 2 14 216 14(-93.5185%)
969 244 25.1806 5 35 253 35(-86.166%)
915 214 23.388 5 35 225 35(-84.4444%)
928 248 26.7241 8 59 266 59(-77.8195%)
972 272 27.9835 16 115 297 115(-61.2795%)
984 277 28.1504 13 93 305 93(-69.5082%)
924 259 28.0303 13 92 285 92(-67.7193%)
987 268 27.153 12 84 304 84(-72.3684%)
943 283 30.0106 13 93 314 93(-70.3822%)
968 279 28.8223 20 145 324 145(-55.2469%)
940 294 31.2766 19 142 335 142(-57.6119%)
942 296 31.4225 22 156 344 156(-54.6512%)
933 292 31.2969 20 145 338 145(-57.1006%)
950 292 30.7368 24 178 341 178(-47.8006%)
913 284 31.1062 27 201 349 201(-42.4069%)
974 316 32.4435 28 207 391 207(-47.0588%)
977 305 31.218 30 211 386 211(-45.3368%)
945 315 33.3333 32 236 396 236(-40.404%)
982 297 30.2444 49 345 449 345(-23.1626%)
940 297 31.5957 39 281 417 281(-32.6139%)
947 332 35.0581 48 347 445 347(-22.0225%)
1026 346 33.7232 48 349 476 349(-26.6807%)
927 312 33.657 42 308 420 308(-26.6667%)
959 317 33.0553 49 350 469 350(-25.3731%)
945 326 34.4974 52 376 474 376(-20.6751%)
938 319 34.0085 54 385 461 385(-16.4859%)
