983 14 1.42421 0 0 7 0(-100%)
912 23 2.52193 0 0 18 0(-100%)
935 39 4.17112 0 0 33 0(-100%)
923 36 3.90033 0 0 35 0(-100%)
959 59 6.15224 0 0 52 0(-100%)
933 58 6.21651 0 0 59 0(-100%)
948 71 7.48945 0 0 68 0(-100%)
942 84 8.9172 0 0 79 0(-100%)
967 104 10.7549 0 0 99 0(-100%)
936 102 10.8974 0 0 98 0(-100%)
922 89 9.65293 0 0 86 0(-100%)
942 116 12.3142 0 0 110 0(-100%)
961 101 10.5099 1 7 104 7(-93.2692%)
898 124 13.8085 0 0 120 0(-100%)
990 161 16.2626 2 14 164 14(-91.4634%)
928 157 16.9181 0 0 154 0(-100%)
956 173 18.0962 1 7 174 7(-95.977%)
970 169 17.4227 2 14 172 14(-91.8605%)
1001 184 18.3816 4 28 187 28(-85.0267%)
955 163 17.0681 0 0 159 0(-100%)
935 195 20.8556 2 15 198 15(-92.4242%)
953 219 22.9801 1 7 221 7(-96.8326%)
956 200 20.9205 3 21 210 21(-90%)
935 221 23.6364 6 43 234 43(-81.6239%)
939 221 23.5357 6 37 232 37(-84.0517%)
923 243 26.3272 9 66 263 66(-74.9049%)
929 223 24.0043 5 35 240 35(-85.4167%)
970 239 24.6392 9 66 257 66(-74.3191%)
974 260 26.694 11 79 289 79(-72.6644%)
964 283 29.3568 8 56 300 56(-81.3333%)
964 284 29.4606 16 112 317 112(-64.6688%)
934 271 29.015 11 79 289 79(-72.6644%)
945 268 28.3598 14 99 307 99(-67.7524%)
929 273 29.3864 19 139 309 139(-55.0162%)
963 289 30.0104 22 155 344 155(-54.9419%)
973 284 29.1881 28 202 359 202(-43.7326%)
982 297 30.2444 25 180 365 180(-50.6849%)
987 316 32.0162 32 229 388 229(-40.9794%)
930 300 32.2581 26 190 371 190(-48.7871%)
1000 313 31.3 37 268 412 268(-34.9515%)
936 291 31.0897 33 232 385 232(-39.7403%)
987 328 33.232 31 230 409 230(-43.7653%)
991 316 31.887 34 252 417 252(-39.5683%)
903 294 32.5581 36 257 390 257(-34.1026%)
1011 332 32.8388 41 296 448 296(-33.9286%)
995 330 33.1658 48 340 462 340(-26.4069%)
971 305 31.4109 51 359 464 359(-22.6293%)
907 296 32.6351 55 398 460 398(-13.4783%)
977 331 33.8792 56 407 498 407(-18.2731%)
945 313 33.1217 54 392 467 392(-16.06%)
