956 12 1.25523 0 0 9 0(-100%)
943 20 2.12089 0 0 18 0(-100%)
1008 36 3.57143 0 0 36 0(-100%)
927 50 5.39374 0 0 47 0(-100%)
978 56 5.72597 0 0 55 0(-100%)
1015 76 7.48768 0 0 72 0(-100%)
974 83 8.52156 0 0 80 0(-100%)
947 84 8.87012 0 0 81 0(-100%)
901 81 8.99001 0 0 82 0(-100%)
977 91 9.31423 0 0 87 0(-100%)
971 125 12.8733 0 0 124 0(-100%)
911 117 12.843 0 0 117 0(-100%)
969 121 12.4871 0 0 119 0(-100%)
961 127 13.2154 1 7 126 7(-94.4444%)
958 144 15.0313 1 7 148 7(-95.2703%)
950 172 18.1053 1 8 169 8(-95.2663%)
963 163 16.9263 0 0 162 0(-100%)
904 151 16.7035 0 0 147 0(-100%)
965 191 19.7927 1 7 189 7(-96.2963%)
921 185 20.0869 3 21 184 21(-88.587%)
920 199 21.6304 0 0 195 0(-100%)
854 163 19.0867 1 7 165 7(-95.7576%)
940 209 22.234 1 7 209 7(-96.6507%)
905 214 23.6464 2 14 217 14(-93.5484%)
966 225 23.2919 4 30 230 30(-86.9565%)
931 243 26.101 5 36 253 36(-85.7708%)
954 254 26.6247 4 28 255 28(-89.0196%)
980 227 23.1633 5 35 238 35(-85.2941%)
923 254 27.519 10 66 270 66(-75.5556%)
1000 282 28.2 9 63 308 63(-79.5455%)
974 279 28.6448 14 105 311 105(-66.2379%)
969 291 30.031 12 86 319 86(-73.0408%)
935 270 28.877 13 96 296 96(-67.5676%)
970 283 29.1753 16 117 327 117(-64.2202%)
949 285 30.0316 21 154 342 154(-54.9708%)
924 259 28.0303 15 107 296 107(-63.8514%)
960 300 31.25 26 189 369 189(-48.7805%)
986 316 32.0487 22 161 371 161(-56.6038%)
1014 319 31.4596 27 195 394 195(-50.5076%)
928 315 33.944 34 251 397 251(-36.7758%)
996 323 32.4297 25 177 383 177(-53.7859%)
941 311 33.0499 37 275 410 275(-32.9268%)
915 291 31.8033 28 201 377 201(-46.6844%)
973 314 32.2713 32 226 415 226(-45.5422%)
930 304 32.6882 38 273 397 273(-31.2343%)
1018 353 34.6758 49 365 483 365(-24.4306%)
994 331 33.2998 50 356 468 356(-23.9316%)
995 351 35.2764 55 401 497 401(-19.3159%)
939 311 33.1203 47 333 468 333(-28.8462%)
935 299 31.9786 56 396 471 396(-15.9236%)
