921 12 1.30293 0 0 12 0(-100%)
957 21 2.19436 0 0 17 0(-100%)
904 34 3.76106 0 0 31 0(-100%)
933 37 3.9657 0 0 34 0(-100%)
1006 38 3.77734 0 0 36 0(-100%)
969 61 6.29515 0 0 58 0(-100%)
954 71 7.44235 0 0 68 0(-100%)
950 81 8.52632 0 0 79 0(-100%)
915 84 9.18033 0 0 84 0(-100%)
931 102 10.956 0 0 101 0(-100%)
892 90 10.0897 0 0 87 0(-100%)
959 118 12.3045 0 0 115 0(-100%)
978 124 12.6789 0 0 122 0(-100%)
962 135 14.0333 1 7 133 7(-94.7368%)
994 146 14.6881 2 14 146 14(-90.411%)
936 145 15.4915 0 0 142 0(-100%)
1006 182 18.0915 1 7 186 7(-96.2366%)
909 169 18.5919 2 14 172 14(-91.8605%)
990 194 19.596 1 7 197 7(-96.4467%)
957 187 19.5402 1 10 188 10(-94.6809%)
911 197 21.6246 5 36 209 36(-82.7751%)
955 207 21.6754 2 14 212 14(-93.3962%)
1004 221 22.012 2 14 225 14(-93.7778%)
932 223 23.927 4 28 232 28(-87.931%)
969 235 24.2518 6 45 245 45(-81.6327%)
931 244 26.2084 7 49 257 49(-80.9339%)
949 252 26.5543 5 35 256 35(-86.3281%)
947 266 28.0887 9 63 285 63(-77.8947%)
983 263 26.7548 4 30 276 30(-89.1304%)
974 263 27.0021 8 60 283 60(-78.7986%)
993 271 27.291 12 85 301 85(-71.7608%)
951 263 27.6551 15 105 309 105(-66.0194%)
879 253 28.7827 12 85 278 85(-69.4245%)
908 263 28.9648 12 86 288 86(-70.1389%)
986 300 30.426 13 95 323 95(-70.5882%)
952 304 31.9328 20 148 346 148(-57.2254%)
932 288 30.9013 25 189 344 189(-45.0581%)
949 295 31.0854 27 186 362 186(-48.6188%)
917 303 33.0425 25 187 366 187(-48.9071%)
940 299 31.8085 24 170 365 170(-53.4247%)
908 297 32.7093 26 188 350 188(-46.2857%)
960 308 32.0833 33 235 403 235(-41.6873%)
991 321 32.3915 38 266 429 266(-37.9953%)
903 302 33.4441 35 255 392 255(-34.949%)
934 324 34.6895 33 239 415 239(-42.4096%)
965 311 32.228 42 296 435 296(-31.954%)
963 300 31.1526 48 338 458 338(-26.2009%)
969 314 32.4045 49 351 461 351(-23.8612%)
1006 346 34.3936 45 334 471 334(-29.087%)
935 330 35.2941 46 346 456 346(-24.1228%)
