912 11 1.20614 0 0 10 0(-100%)
966 19 1.96687 0 0 17 0(-100%)
897 28 3.12152 0 0 26 0(-100%)
948 37 3.90295 0 0 34 0(-100%)
995 55 5.52764 0 0 52 0(-100%)
951 50 5.25762 0 0 48 0(-100%)
892 70 7.84753 0 0 67 0(-100%)
965 86 8.91192 0 0 79 0(-100%)
945 85 8.99471 0 0 84 0(-100%)
939 101 10.7561 0 0 101 0(-100%)
965 119 12.3316 0 0 115 0(-100%)
975 134 13.7436 0 0 133 0(-100%)
941 132 14.0276 1 7 131 7(-94.6565%)
903 141 15.6146 0 0 140 0(-100%)
968 154 15.9091 0 0 150 0(-100%)
968 150 15.4959 1 7 147 7(-95.2381%)
949 174 18.3351 1 7 171 7(-95.9064%)
881 161 18.2747 0 0 158 0(-100%)
918 165 17.9739 3 21 174 21(-87.931%)
968 195 20.1446 3 21 199 21(-89.4472%)
982 176 17.9226 1 7 178 7(-96.0674%)
996 211 21.1847 2 14 208 14(-93.2692%)
948 210 22.1519 5 38 221 38(-82.8054%)
933 206 22.0793 5 35 220 35(-84.0909%)
937 209 22.3052 2 14 214 14(-93.4579%)
965 248 25.6995 5 35 258 35(-86.4341%)
1009 255 25.2725 5 37 261 37(-85.8238%)
978 247 25.2556 9 64 261 64(-75.4789%)
923 233 25.2438 3 21 242 21(-91.3223%)
915 240 26.2295 8 62 253 62(-75.4941%)
931 259 27.8195 16 114 300 114(-62%)
968 274 28.3058 13 91 301 91(-69.7674%)
937 266 28.3885 16 114 308 114(-62.987%)
935 288 30.8021 16 113 319 113(-64.5768%)
983 294 29.9084 27 193 376 193(-48.6702%)
960 285 29.6875 28 198 358 198(-44.6927%)
955 285 29.8429 22 157 338 157(-53.5503%)
973 323 33.1963 37 278 397 278(-29.9748%)
990 316 31.9192 27 198 381 198(-48.0315%)
943 317 33.6161 30 221 385 221(-42.5974%)
914 297 32.4945 28 203 372 203(-45.4301%)
957 311 32.4974 32 231 388 231(-40.4639%)
941 328 34.8565 31 240 397 240(-39.5466%)
1017 342 33.6283 40 290 458 290(-36.6812%)
923 308 33.3694 45 328 421 328(-22.0903%)
924 303 32.7922 43 304 416 304(-26.9231%)
1000 336 33.6 47 338 467 338(-27.6231%)
904 301 33.2965 43 308 428 308(-28.0374%)
965 329 34.0933 48 351 466 351(-24.6781%)
968 309 31.9215 52 379 469 379(-19.1898%)
