961 14 1.45682 0 0 10 0(-100%)
938 23 2.45203 0 0 19 0(-100%)
998 39 3.90782 0 0 38 0(-100%)
972 35 3.60082 0 0 34 0(-100%)
906 44 4.85651 0 0 41 0(-100%)
944 66 6.99153 0 0 65 0(-100%)
995 80 8.0402 0 0 75 0(-100%)
1002 90 8.98204 0 0 86 0(-100%)
955 78 8.16754 0 0 78 0(-100%)
933 98 10.5038 0 0 95 0(-100%)
923 95 10.2925 0 0 91 0(-100%)
920 113 12.2826 0 0 112 0(-100%)
935 112 11.9786 0 0 112 0(-100%)
968 122 12.6033 0 0 122 0(-100%)
941 147 15.6217 0 0 145 0(-100%)
979 172 17.5689 2 14 171 14(-91.8129%)
936 167 17.8419 0 0 164 0(-100%)
959 174 18.1439 1 7 174 7(-95.977%)
947 186 19.641 2 15 186 15(-91.9355%)
939 179 19.0628 5 36 184 36(-80.4348%)
930 182 19.5699 0 0 178 0(-100%)
928 199 21.444 1 7 201 7(-96.5174%)
984 212 21.5447 2 14 213 14(-93.4272%)
903 223 24.6955 7 49 243 49(-79.8354%)
941 218 23.1668 6 43 233 43(-81.5451%)
897 206 22.9654 2 14 211 14(-93.3649%)
940 239 25.4255 11 78 258 78(-69.7674%)
973 255 26.2076 7 53 273 53(-80.5861%)
966 238 24.6377 10 71 269 71(-73.6059%)
952 240 25.2101 7 49 257 49(-80.9339%)
1002 277 27.6447 14 98 315 98(-68.8889%)
918 259 28.2135 15 110 294 110(-62.585%)
946 278 29.3869 18 129 317 129(-59.306%)
983 299 30.4171 13 92 334 92(-72.4551%)
909 255 28.0528 20 144 312 144(-53.8462%)
940 291 30.9574 21 152 336 152(-54.7619%)
943 283 30.0106 15 108 325 108(-66.7692%)
902 302 33.4812 21 152 358 152(-57.5419%)
924 282 30.5195 19 135 335 135(-59.7015%)
927 294 31.7152 23 164 357 164(-54.0616%)
923 311 33.6945 30 213 375 213(-43.2%)
922 299 32.4295 33 236 397 236(-40.5542%)
1002 325 32.4351 39 276 423 276(-34.7518%)
939 299 31.8424 35 255 408 255(-37.5%)
1013 344 33.9585 48 342 473 342(-27.6956%)
899 288 32.0356 45 321 418 321(-23.2057%)
961 312 32.4662 47 334 456 334(-26.7544%)
938 311 33.1557 49 351 447 351(-21.4765%)
945 304 32.1693 47 336 461 336(-27.115%)
873 281 32.1879 45 324 434 324(-25.3456%)
