978 14 1.43149 0 0 8 0(-100%)
981 22 2.24261 0 0 18 0(-100%)
949 35 3.68809 0 0 34 0(-100%)
965 39 4.04145 0 0 36 0(-100%)
974 54 5.54415 0 0 50 0(-100%)
981 76 7.7472 0 0 70 0(-100%)
921 75 8.14332 0 0 69 0(-100%)
890 64 7.19101 0 0 63 0(-100%)
965 82 8.49741 0 0 77 0(-100%)
912 80 8.77193 0 0 74 0(-100%)
961 125 13.0073 0 0 123 0(-100%)
923 95 10.2925 0 0 95 0(-100%)
950 136 14.3158 0 0 132 0(-100%)
951 130 13.6698 0 0 129 0(-100%)
938 143 15.2452 1 7 144 7(-95.1389%)
972 152 15.6379 0 0 151 0(-100%)
955 150 15.7068 0 0 144 0(-100%)
972 169 17.3868 0 0 168 0(-100%)
927 163 17.5836 0 0 162 0(-100%)
905 181 20 2 14 182 14(-92.3077%)
899 186 20.6897 4 28 194 28(-85.567%)
918 201 21.8954 4 28 205 28(-86.3415%)
969 186 19.195 4 28 196 28(-85.7143%)
942 208 22.0807 3 23 215 23(-89.3023%)
960 239 24.8958 5 35 248 35(-85.8871%)
936 232 24.7863 7 49 243 49(-79.8354%)
1019 264 25.9078 6 42 273 42(-84.6154%)
967 257 26.577 6 44 272 44(-83.8235%)
971 257 26.4676 11 83 275 83(-69.8182%)
967 286 29.576 9 78 300 78(-74%)
920 280 30.4348 12 85 306 85(-72.2222%)
954 278 29.1405 16 112 323 112(-65.3251%)
944 269 28.4958 18 139 316 139(-56.0127%)
966 285 29.5031 21 150 329 150(-54.4073%)
945 278 29.418 21 147 339 147(-56.6372%)
952 310 32.563 19 138 353 138(-60.9065%)
961 281 29.2404 19 136 336 136(-59.5238%)
961 294 30.5931 21 150 350 150(-57.1429%)
946 304 32.1353 28 203 371 203(-45.283%)
954 302 31.6562 27 191 377 191(-49.3369%)
953 306 32.1091 36 264 409 264(-35.4523%)
966 310 32.0911 45 322 437 322(-26.3158%)
917 305 33.2606 34 251 390 251(-35.641%)
933 311 33.3333 36 261 400 261(-34.75%)
996 332 33.3333 37 268 425 268(-36.9412%)
973 329 33.8129 34 245 419 245(-41.5274%)
969 327 33.7461 50 359 458 359(-21.6157%)
1012 354 34.9802 54 399 491 399(-18.7373%)
957 329 34.3783 46 325 454 325(-28.4141%)
958 315 32.881 59 421 503 421(-16.3022%)
