944 11 1.16525 0 0 8 0(-100%)
989 18 1.82002 0 0 14 0(-100%)
931 28 3.00752 0 0 26 0(-100%)
929 42 4.52099 0 0 38 0(-100%)
912 51 5.59211 0 0 49 0(-100%)
952 53 5.56723 0 0 49 0(-100%)
937 63 6.72359 0 0 61 0(-100%)
956 77 8.05439 0 0 77 0(-100%)
922 81 8.78525 0 0 78 0(-100%)
958 102 10.6472 0 0 96 0(-100%)
1000 114 11.4 0 0 110 0(-100%)
966 141 14.5963 0 0 140 0(-100%)
987 121 12.2594 0 0 117 0(-100%)
960 166 17.2917 0 0 165 0(-100%)
959 143 14.9114 0 0 139 0(-100%)
934 138 14.7752 0 0 135 0(-100%)
911 156 17.124 2 14 160 14(-91.25%)
998 173 17.3347 2 14 170 14(-91.7647%)
950 191 20.1053 0 0 190 0(-100%)
928 189 20.3664 0 0 187 0(-100%)
918 202 22.0044 2 14 206 14(-93.2039%)
926 193 20.8423 5 35 201 35(-82.5871%)
904 202 22.3451 1 7 200 7(-96.5%)
954 235 24.6331 10 70 252 70(-72.2222%)
926 227 24.514 5 38 232 38(-83.6207%)
950 242 25.4737 8 56 261 56(-78.5441%)
857 223 26.021 2 14 220 14(-93.6364%)
951 254 26.7087 10 73 274 73(-73.3577%)
895 240 26.8156 11 82 264 82(-68.9394%)
937 274 29.2423 13 94 291 94(-67.6976%)
967 266 27.5078 12 86 284 86(-69.7183%)
1020 288 28.2353 15 111 323 111(-65.6347%)
927 266 28.6947 19 140 313 140(-55.2716%)
890 274 30.7865 21 148 323 148(-54.1796%)
948 286 30.1688 23 155 341 155(-54.5455%)
961 291 30.281 25 178 348 178(-48.8506%)
922 290 31.4534 21 160 333 160(-51.952%)
945 293 31.0053 28 200 373 200(-46.3807%)
959 289 30.1356 35 250 403 250(-37.9653%)
986 306 31.0345 27 189 368 189(-48.6413%)
950 288 30.3158 34 241 388 241(-37.8866%)
933 290 31.0825 38 272 395 272(-31.1392%)
891 298 33.4456 36 257 389 257(-33.9332%)
913 283 30.9967 39 280 402 280(-30.3483%)
956 316 33.0544 35 252 411 252(-38.6861%)
1008 321 31.8452 44 315 454 315(-30.6167%)
916 303 33.0786 37 271 421 271(-35.6295%)
933 307 32.9046 39 286 413 286(-30.7506%)
922 315 34.1649 49 346 465 346(-25.5914%)
909 298 32.7833 52 373 456 373(-18.2018%)
