992 14 1.41129 0 0 12 0(-100%)
973 22 2.26105 0 0 19 0(-100%)
969 32 3.30237 0 0 26 0(-100%)
966 50 5.17598 0 0 42 0(-100%)
946 52 5.49683 0 0 49 0(-100%)
953 48 5.03673 0 0 46 0(-100%)
901 71 7.88013 0 0 70 0(-100%)
905 72 7.9558 0 0 71 0(-100%)
897 79 8.80713 0 0 76 0(-100%)
975 97 9.94872 0 0 96 0(-100%)
977 124 12.6919 0 0 123 0(-100%)
929 109 11.733 0 0 106 0(-100%)
950 123 12.9474 0 0 120 0(-100%)
1001 136 13.5864 1 7 135 7(-94.8148%)
950 137 14.4211 0 0 135 0(-100%)
964 169 17.5311 2 14 171 14(-91.8129%)
952 166 17.437 0 0 159 0(-100%)
996 187 18.7751 1 7 188 7(-96.2766%)
1025 203 19.8049 1 7 204 7(-96.5686%)
963 199 20.6646 1 7 199 7(-96.4824%)
954 189 19.8113 2 15 191 15(-92.1466%)
987 223 22.5937 1 7 222 7(-96.8468%)
971 214 22.0391 3 21 218 21(-90.367%)
1021 224 21.9393 3 21 229 21(-90.8297%)
930 227 24.4086 5 35 237 35(-85.2321%)
939 234 24.9201 3 21 237 21(-91.1392%)
947 237 25.0264 6 44 251 44(-82.4701%)
876 230 26.2557 7 49 249 49(-80.3213%)
948 260 27.4262 12 87 290 87(-70%)
952 260 27.3109 13 95 290 95(-67.2414%)
928 272 29.3103 11 78 302 78(-74.1722%)
919 280 30.4679 17 126 315 126(-60%)
972 300 30.8642 19 139 347 139(-59.9424%)
944 280 29.661 20 145 329 145(-55.9271%)
960 299 31.1458 20 141 342 141(-58.7719%)
1009 308 30.5253 20 148 368 148(-59.7826%)
948 290 30.5907 29 206 371 206(-44.4744%)
981 300 30.581 20 143 339 143(-57.8171%)
921 303 32.899 28 203 371 203(-45.283%)
914 273 29.8687 27 191 351 191(-45.584%)
949 313 32.9821 39 283 414 283(-31.6425%)
952 307 32.2479 33 239 396 239(-39.6465%)
963 319 33.1256 45 320 441 320(-27.4376%)
954 316 33.1237 36 263 418 263(-37.0813%)
1000 336 33.6 49 360 477 360(-24.5283%)
952 298 31.3025 35 247 411 247(-39.9027%)
944 320 33.8983 48 344 448 344(-23.2143%)
993 312 31.4199 48 347 476 347(-27.1008%)
933 307 32.9046 47 325 450 325(-27.7778%)
965 311 32.228 49 354 462 354(-23.3766%)
