978 11 1.12474 0 0 10 0(-100%)
904 22 2.43363 0 0 21 0(-100%)
964 38 3.94191 0 0 35 0(-100%)
982 49 4.98982 0 0 48 0(-100%)
936 53 5.66239 0 0 52 0(-100%)
964 73 7.57261 0 0 72 0(-100%)
952 75 7.87815 0 0 73 0(-100%)
977 75 7.67656 0 0 75 0(-100%)
946 86 9.09091 0 0 86 0(-100%)
963 94 9.76116 0 0 94 0(-100%)
961 94 9.78148 0 0 94 0(-100%)
1005 126 12.5373 0 0 126 0(-100%)
923 113 12.2427 0 0 111 0(-100%)
960 118 12.2917 1 7 119 7(-94.1176%)
995 140 14.0704 1 7 141 7(-95.0355%)
968 159 16.4256 1 7 160 7(-95.625%)
949 149 15.7007 1 7 151 7(-95.3642%)
903 149 16.5006 0 0 148 0(-100%)
985 187 18.9848 1 7 189 7(-96.2963%)
974 177 18.1725 0 0 177 0(-100%)
919 206 22.4157 3 21 213 21(-90.1408%)
925 202 21.8378 3 21 211 21(-90.0474%)
960 204 21.25 1 7 207 7(-96.6184%)
946 207 21.8816 8 57 232 57(-75.431%)
914 211 23.0853 5 35 223 35(-84.3049%)
928 206 22.1983 6 42 223 42(-81.1659%)
938 252 26.8657 6 42 264 42(-84.0909%)
991 262 26.4379 8 56 283 56(-80.212%)
1014 292 28.7968 13 96 322 96(-70.1863%)
961 285 29.6566 11 80 306 80(-73.8562%)
986 267 27.0791 12 92 300 92(-69.3333%)
964 277 28.7344 15 107 315 107(-66.0317%)
917 254 27.699 13 91 288 91(-68.4028%)
955 283 29.6335 23 166 341 166(-51.3196%)
888 276 31.0811 13 95 314 95(-69.7452%)
882 283 32.0862 21 155 329 155(-52.8875%)
978 304 31.0838 29 213 363 213(-41.3223%)
931 301 32.3308 24 176 359 176(-50.9749%)
919 295 32.1001 21 154 344 154(-55.2326%)
986 310 31.4402 31 227 387 227(-41.3437%)
926 303 32.7214 28 210 366 210(-42.623%)
966 313 32.4017 37 264 407 264(-35.1351%)
967 325 33.6091 33 246 414 246(-40.5797%)
1014 355 35.0099 43 321 453 321(-29.1391%)
976 314 32.1721 43 307 435 307(-29.4253%)
901 311 34.5172 43 316 430 316(-26.5116%)
989 316 31.9515 48 346 464 346(-25.431%)
898 297 33.0735 41 295 412 295(-28.3981%)
924 312 33.7662 50 366 457 366(-19.9125%)
952 301 31.6176 50 365 461 365(-20.8243%)
