950 14 1.47368 0 0 14 0(-100%)
987 17 1.72239 0 0 15 0(-100%)
941 33 3.50691 0 0 32 0(-100%)
979 38 3.88151 0 0 37 0(-100%)
934 41 4.38972 0 0 41 0(-100%)
971 59 6.07621 0 0 57 0(-100%)
896 64 7.14286 0 0 63 0(-100%)
898 68 7.57238 0 0 66 0(-100%)
988 93 9.41296 0 0 92 0(-100%)
990 105 10.6061 0 0 105 0(-100%)
967 106 10.9617 0 0 104 0(-100%)
997 127 12.7382 0 0 127 0(-100%)
930 129 13.871 0 0 127 0(-100%)
941 137 14.559 0 0 136 0(-100%)
924 127 13.7446 0 0 126 0(-100%)
919 161 17.519 2 15 165 15(-90.9091%)
941 176 18.7035 0 0 174 0(-100%)
986 180 18.2556 1 7 187 7(-96.2567%)
920 178 19.3478 2 14 181 14(-92.2652%)
961 194 20.1873 1 8 193 8(-95.8549%)
980 198 20.2041 2 14 203 14(-93.1034%)
948 199 20.9916 2 14 210 14(-93.3333%)
942 219 23.2484 4 29 223 29(-86.9955%)
893 219 24.5241 3 22 225 22(-90.2222%)
975 230 23.5897 4 30 240 30(-87.5%)
986 247 25.0507 6 42 260 42(-83.8462%)
938 239 25.4797 5 35 246 35(-85.7724%)
914 244 26.6958 9 65 267 65(-75.6554%)
926 233 25.162 8 56 256 56(-78.125%)
1028 278 27.0428 15 105 312 105(-66.3462%)
937 262 27.9616 14 103 290 103(-64.4828%)
978 274 28.0164 13 91 308 91(-70.4545%)
962 295 30.6653 21 153 335 153(-54.3284%)
927 271 29.2341 15 112 302 112(-62.9139%)
999 316 31.6316 19 149 367 149(-59.4005%)
939 284 30.2449 17 120 334 120(-64.0719%)
937 278 29.6692 20 146 336 146(-56.5476%)
985 313 31.7766 29 214 383 214(-44.1253%)
934 292 31.2634 26 193 351 193(-45.0142%)
971 310 31.9258 27 199 386 199(-48.4456%)
913 291 31.8729 25 183 357 183(-48.7395%)
1009 333 33.003 39 288 430 288(-33.0233%)
958 322 33.6117 35 257 414 257(-37.9227%)
999 324 32.4324 45 326 461 326(-29.2842%)
922 297 32.2126 36 264 392 264(-32.6531%)
965 332 34.4041 42 326 449 326(-27.3942%)
970 298 30.7216 47 329 458 329(-28.1659%)
922 294 31.8872 52 368 461 368(-20.1735%)
951 316 33.2282 52 375 477 375(-21.3836%)
1008 339 33.631 56 406 500 406(-18.8%)
