948 10 1.05485 0 0 8 0(-100%)
915 18 1.96721 0 0 18 0(-100%)
950 34 3.57895 0 0 32 0(-100%)
872 36 4.12844 0 0 34 0(-100%)
969 56 5.77915 0 0 56 0(-100%)
970 65 6.70103 0 0 63 0(-100%)
945 68 7.19577 0 0 67 0(-100%)
966 83 8.59213 0 0 79 0(-100%)
857 70 8.16803 0 0 69 0(-100%)
938 107 11.4072 0 0 106 0(-100%)
959 99 10.3233 0 0 99 0(-100%)
959 123 12.8259 0 0 122 0(-100%)
944 137 14.5127 0 0 137 0(-100%)
859 123 14.319 0 0 122 0(-100%)
976 148 15.1639 0 0 147 0(-100%)
954 161 16.8763 2 14 167 14(-91.6168%)
940 168 17.8723 1 9 168 9(-94.6429%)
920 151 16.413 0 0 148 0(-100%)
959 159 16.5798 0 0 157 0(-100%)
965 185 19.171 1 7 188 7(-96.2766%)
957 196 20.4807 2 14 198 14(-92.9293%)
942 206 21.8684 3 21 213 21(-90.1408%)
969 209 21.5686 2 14 213 14(-93.4272%)
938 226 24.0938 5 35 236 35(-85.1695%)
960 240 25 7 54 256 54(-78.9062%)
981 244 24.8726 5 35 252 35(-86.1111%)
939 252 26.8371 8 58 269 58(-78.4387%)
937 247 26.3607 11 80 275 80(-70.9091%)
995 264 26.5327 9 73 281 73(-74.0214%)
948 245 25.8439 7 49 264 49(-81.4394%)
958 274 28.6013 8 50 289 50(-82.699%)
954 264 27.673 9 63 283 63(-77.7385%)
948 293 30.9072 9 69 306 69(-77.451%)
929 267 28.7406 19 136 311 136(-56.2701%)
981 289 29.4597 19 133 353 133(-62.3229%)
967 286 29.576 17 121 342 121(-64.6199%)
948 310 32.7004 24 172 361 172(-52.3546%)
978 312 31.9018 30 220 388 220(-43.299%)
939 307 32.6944 23 179 356 179(-49.7191%)
894 291 32.5503 29 212 366 212(-42.0765%)
945 298 31.5344 31 214 375 214(-42.9333%)
998 295 29.5591 35 251 408 251(-38.4804%)
967 325 33.6091 36 256 429 256(-40.3263%)
950 323 34 29 220 386 220(-43.0052%)
922 296 32.1041 42 305 416 305(-26.6827%)
956 312 32.636 46 338 453 338(-25.3863%)
940 313 33.2979 47 353 447 353(-21.0291%)
1031 339 32.8807 51 363 480 363(-24.375%)
945 328 34.709 46 331 458 331(-27.7293%)
977 313 32.0368 59 419 502 419(-16.5339%)
