929 12 1.29171 0 0 11 0(-100%)
958 20 2.08768 0 0 19 0(-100%)
995 33 3.31658 0 0 32 0(-100%)
1015 47 4.63054 0 0 44 0(-100%)
979 52 5.31154 0 0 48 0(-100%)
957 51 5.32915 0 0 51 0(-100%)
930 56 6.02151 0 0 54 0(-100%)
970 61 6.28866 0 0 60 0(-100%)
988 77 7.79352 0 0 75 0(-100%)
954 90 9.43396 0 0 89 0(-100%)
955 93 9.73822 0 0 92 0(-100%)
1011 120 11.8694 0 0 120 0(-100%)
990 132 13.3333 1 7 134 7(-94.7761%)
963 121 12.5649 0 0 120 0(-100%)
956 147 15.3766 1 7 149 7(-95.302%)
935 151 16.1497 1 7 153 7(-95.4248%)
959 165 17.2054 0 0 164 0(-100%)
919 157 17.0838 1 7 160 7(-95.625%)
959 185 19.2909 3 21 190 21(-88.9474%)
997 200 20.0602 2 14 204 14(-93.1373%)
936 213 22.7564 3 21 215 21(-90.2326%)
898 180 20.0445 1 7 181 7(-96.1326%)
957 222 23.1975 0 0 223 0(-100%)
960 206 21.4583 5 35 213 35(-83.5681%)
959 219 22.8363 4 32 224 32(-85.7143%)
981 221 22.528 7 49 241 49(-79.668%)
928 230 24.7845 5 35 247 35(-85.83%)
989 257 25.9858 10 70 283 70(-75.265%)
948 249 26.2658 11 79 275 79(-71.2727%)
986 260 26.3692 14 101 295 101(-65.7627%)
945 270 28.5714 15 109 306 109(-64.3791%)
872 240 27.5229 14 100 277 100(-63.8989%)
931 279 29.9678 12 86 305 86(-71.8033%)
1018 297 29.1749 19 136 349 136(-61.0315%)
916 270 29.476 20 145 322 145(-54.9689%)
891 268 30.0786 22 160 321 160(-50.1558%)
941 286 30.3932 23 168 352 168(-52.2727%)
964 303 31.4315 25 176 367 176(-52.0436%)
1013 316 31.1945 27 189 402 189(-52.9851%)
973 301 30.9353 37 263 417 263(-36.9305%)
996 313 31.4257 31 230 391 230(-41.1765%)
1029 340 33.0418 32 230 426 230(-46.0094%)
938 319 34.0085 27 198 388 198(-48.9691%)
895 274 30.6145 36 259 389 259(-33.419%)
968 308 31.8182 37 265 414 265(-35.9903%)
1000 339 33.9 50 373 470 373(-20.6383%)
918 311 33.878 36 262 398 262(-34.1709%)
940 318 33.8298 49 347 452 347(-23.2301%)
961 313 32.5702 48 352 452 352(-22.1239%)
1024 342 33.3984 63 456 535 456(-14.7664%)
