994 9 0.905433 0 0 9 0(-100%)
939 12 1.27796 0 0 13 0(-100%)
942 27 2.86624 0 0 25 0(-100%)
912 34 3.72807 0 0 33 0(-100%)
981 40 4.07747 0 0 40 0(-100%)
1007 72 7.14995 0 0 72 0(-100%)
882 65 7.36961 0 0 64 0(-100%)
911 81 8.89133 0 0 81 0(-100%)
1046 82 7.83939 0 0 81 0(-100%)
937 97 10.3522 0 0 96 0(-100%)
960 113 11.7708 0 0 112 0(-100%)
944 108 11.4407 0 0 107 0(-100%)
967 129 13.3402 1 7 129 7(-94.5736%)
938 134 14.2857 0 0 133 0(-100%)
959 149 15.537 0 0 148 0(-100%)
1019 154 15.1129 0 0 152 0(-100%)
982 171 17.4134 1 7 177 7(-96.0452%)
981 190 19.368 2 14 193 14(-92.7461%)
963 186 19.3146 2 14 191 14(-92.6702%)
960 183 19.0625 1 7 184 7(-96.1957%)
1012 212 20.9486 4 28 228 28(-87.7193%)
901 194 21.5316 2 14 202 14(-93.0693%)
1014 207 20.4142 6 42 219 42(-80.8219%)
894 206 23.0425 5 35 218 35(-83.945%)
943 213 22.5875 7 52 228 52(-77.193%)
974 234 24.0246 6 43 246 43(-82.5203%)
997 236 23.671 9 63 257 63(-75.4864%)
971 240 24.7168 6 43 251 43(-82.8685%)
941 258 27.4176 5 36 266 36(-86.4662%)
939 241 25.6656 14 99 278 99(-64.3885%)
998 265 26.5531 14 98 302 98(-67.5497%)
943 239 25.3446 9 68 262 68(-74.0458%)
965 298 30.8808 12 86 318 86(-72.956%)
902 270 29.9335 15 106 308 106(-65.5844%)
961 290 30.1769 19 136 344 136(-60.4651%)
965 297 30.7772 22 160 342 160(-53.2164%)
934 282 30.1927 22 162 340 162(-52.3529%)
905 288 31.8232 29 205 356 205(-42.4157%)
936 287 30.6624 25 177 356 177(-50.2809%)
938 299 31.8763 32 241 393 241(-38.6768%)
907 304 33.5171 28 205 377 205(-45.6233%)
959 321 33.4724 31 225 392 225(-42.602%)
951 321 33.7539 37 268 430 268(-37.6744%)
934 316 33.833 39 284 417 284(-31.8945%)
980 329 33.5714 47 345 461 345(-25.1627%)
953 301 31.5845 44 321 431 321(-25.522%)
918 295 32.1351 51 362 467 362(-22.4839%)
926 301 32.5054 56 402 474 402(-15.1899%)
975 317 32.5128 49 343 468 343(-26.7094%)
883 288 32.6161 49 355 434 355(-18.2028%)
