930 8 0.860215 0 0 6 0(-100%)
960 26 2.70833 0 0 23 0(-100%)
953 35 3.67261 0 0 34 0(-100%)
931 37 3.97422 0 0 36 0(-100%)
948 51 5.37975 0 0 48 0(-100%)
986 59 5.98377 0 0 58 0(-100%)
979 61 6.23085 0 0 60 0(-100%)
971 64 6.59114 0 0 62 0(-100%)
904 85 9.40265 0 0 84 0(-100%)
947 110 11.6156 0 0 108 0(-100%)
947 90 9.5037 0 0 90 0(-100%)
996 108 10.8434 1 7 114 7(-93.8596%)
961 135 14.0479 0 0 135 0(-100%)
966 139 14.3892 0 0 138 0(-100%)
973 157 16.1357 0 0 157 0(-100%)
961 161 16.7534 1 9 161 9(-94.4099%)
949 148 15.5954 0 0 147 0(-100%)
945 164 17.3545 2 14 163 14(-91.411%)
999 168 16.8168 1 7 170 7(-95.8824%)
912 198 21.7105 4 30 205 30(-85.3659%)
969 189 19.5046 1 7 194 7(-96.3918%)
952 183 19.2227 3 22 189 22(-88.3598%)
962 194 20.1663 1 7 196 7(-96.4286%)
991 219 22.0989 5 35 223 35(-84.3049%)
955 224 23.4555 7 50 243 50(-79.4239%)
920 230 25 4 28 241 28(-88.3817%)
944 229 24.2585 6 44 241 44(-81.7427%)
964 226 23.444 5 36 234 36(-84.6154%)
935 262 28.0214 6 43 275 43(-84.3636%)
899 254 28.2536 11 80 276 80(-71.0145%)
918 245 26.6885 9 64 257 64(-75.0973%)
952 286 30.042 12 86 312 86(-72.4359%)
990 276 27.8788 14 100 309 100(-67.6375%)
945 270 28.5714 13 89 295 89(-69.8305%)
931 281 30.1826 21 154 340 154(-54.7059%)
953 295 30.9549 18 127 343 127(-62.9738%)
958 295 30.7933 24 173 355 173(-51.2676%)
978 286 29.2434 21 147 350 147(-58%)
940 307 32.6596 34 245 386 245(-36.5285%)
972 321 33.0247 25 186 373 186(-50.134%)
930 310 33.3333 33 238 389 238(-38.8175%)
942 316 33.5456 41 291 423 291(-31.2057%)
961 311 32.3621 32 227 406 227(-44.0887%)
943 300 31.8134 39 281 414 281(-32.1256%)
980 321 32.7551 44 321 441 321(-27.2109%)
939 326 34.7178 44 317 446 317(-28.9238%)
956 315 32.9498 51 369 459 369(-19.6078%)
910 309 33.956 47 341 442 341(-22.8507%)
934 309 33.0835 55 397 467 397(-14.9893%)
929 293 31.5393 51 366 452 366(-19.0265%)
