951 10 1.05152 0 0 7 0(-100%)
932 16 1.71674 0 0 13 0(-100%)
904 42 4.64602 0 0 41 0(-100%)
928 40 4.31034 0 0 39 0(-100%)
962 50 5.19751 0 0 49 0(-100%)
1024 62 6.05469 0 0 61 0(-100%)
961 75 7.80437 0 0 75 0(-100%)
940 67 7.12766 0 0 67 0(-100%)
953 77 8.07975 0 0 76 0(-100%)
940 98 10.4255 0 0 98 0(-100%)
944 113 11.9703 0 0 113 0(-100%)
936 106 11.3248 0 0 105 0(-100%)
936 106 11.3248 0 0 106 0(-100%)
923 128 13.8678 0 0 127 0(-100%)
967 136 14.0641 2 16 137 16(-88.3212%)
895 158 17.6536 1 7 158 7(-95.5696%)
948 180 18.9873 1 8 183 8(-95.6284%)
931 166 17.8303 1 7 169 7(-95.858%)
979 183 18.6925 0 0 182 0(-100%)
933 167 17.8992 0 0 166 0(-100%)
912 184 20.1754 2 14 190 14(-92.6316%)
1040 225 21.6346 5 39 233 39(-83.2618%)
919 228 24.8096 1 7 231 7(-96.9697%)
963 190 19.73 1 7 190 7(-96.3158%)
994 254 25.5533 4 29 264 29(-89.0152%)
986 245 24.8479 8 60 262 60(-77.0992%)
949 240 25.2898 6 42 252 42(-83.3333%)
942 232 24.6285 5 36 241 36(-85.0622%)
1004 260 25.8964 6 42 272 42(-84.5588%)
913 249 27.2727 13 92 279 92(-67.0251%)
976 274 28.0738 8 57 294 57(-80.6122%)
917 248 27.0447 17 122 290 122(-57.931%)
970 298 30.7216 18 133 335 133(-60.2985%)
967 299 30.9204 19 134 342 134(-60.8187%)
955 294 30.7853 18 129 332 129(-61.1446%)
930 283 30.4301 18 120 326 120(-63.1902%)
986 307 31.1359 23 166 351 166(-52.7066%)
979 309 31.5628 24 178 367 178(-51.4986%)
996 325 32.6305 32 227 401 227(-43.3915%)
932 302 32.4034 32 231 390 231(-40.7692%)
890 292 32.809 28 199 374 199(-46.7914%)
1087 338 31.0948 51 371 492 371(-24.5935%)
946 319 33.7209 41 291 421 291(-30.8789%)
918 307 33.4423 42 308 417 308(-26.1391%)
974 330 33.8809 37 266 422 266(-36.9668%)
959 307 32.0125 42 299 428 299(-30.1402%)
916 309 33.7336 40 283 416 283(-31.9712%)
924 305 33.0087 39 277 418 277(-33.7321%)
944 309 32.7331 53 377 464 377(-18.75%)
953 293 30.745 55 392 482 392(-18.6722%)
