875 7 0.8 0 0 6 0(-100%)
936 16 1.7094 0 0 15 0(-100%)
967 24 2.4819 0 0 22 0(-100%)
948 35 3.69198 0 0 35 0(-100%)
948 53 5.59072 0 0 52 0(-100%)
957 54 5.64263 0 0 52 0(-100%)
933 77 8.25295 0 0 76 0(-100%)
967 86 8.89349 0 0 86 0(-100%)
990 86 8.68687 0 0 86 0(-100%)
950 100 10.5263 0 0 99 0(-100%)
937 93 9.92529 0 0 91 0(-100%)
985 110 11.1675 0 0 109 0(-100%)
875 103 11.7714 0 0 101 0(-100%)
940 117 12.4468 0 0 117 0(-100%)
969 125 12.8999 0 0 125 0(-100%)
918 150 16.3399 0 0 149 0(-100%)
927 138 14.8867 1 7 141 7(-95.0355%)
904 182 20.1327 1 7 181 7(-96.1326%)
913 184 20.1533 0 0 183 0(-100%)
945 178 18.836 1 7 180 7(-96.1111%)
953 201 21.0913 1 7 203 7(-96.5517%)
956 218 22.8033 3 21 221 21(-90.4977%)
974 228 23.4086 6 43 240 43(-82.0833%)
985 229 23.2487 7 52 245 52(-78.7755%)
923 223 24.1603 5 36 232 36(-84.4828%)
965 235 24.3523 4 28 241 28(-88.3817%)
973 248 25.4882 10 71 271 71(-73.8007%)
1015 272 26.798 14 100 302 100(-66.8874%)
916 241 26.31 9 63 263 63(-76.0456%)
936 253 27.0299 7 52 270 52(-80.7407%)
967 267 27.6112 9 64 287 64(-77.7003%)
972 286 29.4239 16 113 327 113(-65.4434%)
936 268 28.6325 15 107 300 107(-64.3333%)
984 275 27.9472 17 123 315 123(-60.9524%)
964 298 30.9129 27 194 361 194(-46.2604%)
923 278 30.1192 22 162 347 162(-53.3141%)
986 314 31.8458 29 207 373 207(-44.504%)
947 309 32.6294 22 157 369 157(-57.4526%)
990 313 31.6162 30 217 386 217(-43.7824%)
972 302 31.07 26 189 369 189(-48.7805%)
965 292 30.2591 31 218 381 218(-42.7822%)
961 317 32.9865 32 232 409 232(-43.2763%)
925 308 33.2973 29 210 376 210(-44.1489%)
995 330 33.1658 39 286 445 286(-35.7303%)
941 316 33.5813 47 335 452 335(-25.885%)
935 296 31.6578 46 327 439 327(-25.5125%)
928 310 33.4052 43 316 432 316(-26.8519%)
913 309 33.8445 35 255 402 255(-36.5672%)
970 321 33.0928 53 375 480 375(-21.875%)
990 332 33.5354 55 401 501 401(-19.9601%)
