913 15 1.64294 0 0 14 0(-100%)
960 20 2.08333 0 0 20 0(-100%)
957 29 3.0303 0 0 27 0(-100%)
915 45 4.91803 0 0 44 0(-100%)
921 38 4.12595 0 0 38 0(-100%)
945 55 5.82011 0 0 52 0(-100%)
969 64 6.60475 0 0 60 0(-100%)
963 77 7.99585 0 0 77 0(-100%)
980 83 8.46939 0 0 84 0(-100%)
925 88 9.51351 0 0 89 0(-100%)
956 97 10.1464 0 0 98 0(-100%)
1002 139 13.8723 0 0 139 0(-100%)
942 134 14.2251 0 0 132 0(-100%)
929 114 12.2713 0 0 113 0(-100%)
949 138 14.5416 0 0 138 0(-100%)
943 161 17.0732 2 14 164 14(-91.4634%)
908 154 16.9604 1 7 154 7(-95.4545%)
954 175 18.3438 0 0 174 0(-100%)
981 182 18.5525 3 22 187 22(-88.2353%)
942 180 19.1083 0 0 179 0(-100%)
954 203 21.2788 3 21 207 21(-89.8551%)
997 213 21.3641 2 14 216 14(-93.5185%)
991 242 24.4198 6 45 251 45(-82.0717%)
1002 198 19.7605 2 14 199 14(-92.9648%)
998 224 22.4449 6 42 245 42(-82.8571%)
960 241 25.1042 8 59 259 59(-77.2201%)
950 240 25.2632 8 56 265 56(-78.8679%)
1034 245 23.6944 8 60 270 60(-77.7778%)
1000 282 28.2 6 42 295 42(-85.7627%)
1001 277 27.6723 18 137 317 137(-56.7823%)
969 286 29.515 10 74 306 74(-75.817%)
953 280 29.3809 11 79 302 79(-73.8411%)
945 278 29.418 15 107 321 107(-66.6667%)
977 266 27.2262 17 119 330 119(-63.9394%)
942 288 30.5732 20 151 339 151(-55.4572%)
949 289 30.4531 18 131 338 131(-61.2426%)
921 287 31.1618 26 187 348 187(-46.2644%)
966 297 30.7453 23 164 354 164(-53.6723%)
909 300 33.0033 26 186 359 186(-48.1894%)
980 307 31.3265 39 281 415 281(-32.2892%)
1031 343 33.2687 37 271 432 271(-37.2685%)
955 309 32.356 35 254 413 254(-38.4988%)
956 311 32.5314 32 229 401 229(-42.8928%)
1002 331 33.0339 46 328 463 328(-29.1577%)
951 304 31.9664 37 266 403 266(-33.995%)
973 340 34.9435 49 361 463 361(-22.0302%)
895 311 34.7486 38 282 412 282(-31.5534%)
954 311 32.5996 49 348 465 348(-25.1613%)
941 299 31.7747 53 383 466 383(-17.8112%)
927 301 32.4703 51 368 466 368(-21.03%)
