941 7 0.743889 0 0 6 0(-100%)
933 19 2.03644 0 0 19 0(-100%)
921 28 3.04017 0 0 27 0(-100%)
977 40 4.09417 0 0 40 0(-100%)
946 55 5.81395 0 0 54 0(-100%)
928 54 5.81897 0 0 54 0(-100%)
943 57 6.04454 0 0 58 0(-100%)
946 93 9.83087 0 0 92 0(-100%)
913 71 7.77656 0 0 70 0(-100%)
986 91 9.22921 0 0 90 0(-100%)
960 116 12.0833 0 0 115 0(-100%)
959 112 11.6788 0 0 111 0(-100%)
934 116 12.4197 0 0 116 0(-100%)
936 127 13.5684 0 0 126 0(-100%)
959 147 15.3285 0 0 147 0(-100%)
955 153 16.0209 1 7 153 7(-95.4248%)
969 152 15.6863 1 7 151 7(-95.3642%)
990 184 18.5859 1 7 186 7(-96.2366%)
976 189 19.3648 4 29 196 29(-85.2041%)
930 190 20.4301 3 21 196 21(-89.2857%)
984 182 18.4959 2 14 187 14(-92.5134%)
976 229 23.4631 5 35 246 35(-85.7724%)
1002 220 21.9561 3 21 227 21(-90.7489%)
965 207 21.4508 1 7 207 7(-96.6184%)
959 208 21.6893 13 97 232 97(-58.1897%)
934 244 26.1242 9 63 256 63(-75.3906%)
893 242 27.0997 11 89 264 89(-66.2879%)
944 233 24.6822 8 56 252 56(-77.7778%)
922 248 26.898 8 57 264 57(-78.4091%)
938 265 28.2516 6 51 275 51(-81.4545%)
923 259 28.0607 11 78 282 78(-72.3404%)
966 280 28.9855 15 106 306 106(-65.3595%)
921 253 27.4701 16 117 294 117(-60.2041%)
969 286 29.515 10 71 305 71(-76.7213%)
907 276 30.43 22 163 319 163(-48.9028%)
953 295 30.9549 14 104 328 104(-68.2927%)
876 286 32.6484 15 109 316 109(-65.5063%)
928 278 29.9569 29 207 357 207(-42.0168%)
959 301 31.3869 24 184 369 184(-50.1355%)
946 307 32.4524 32 230 389 230(-40.874%)
964 321 33.2988 30 215 392 215(-45.1531%)
982 326 33.1976 37 273 421 273(-35.1544%)
884 287 32.4661 29 224 369 224(-39.2954%)
995 334 33.5678 41 306 439 306(-30.2961%)
943 315 33.404 47 340 439 340(-22.5513%)
1014 334 32.9389 44 316 472 316(-33.0508%)
960 303 31.5625 47 335 456 335(-26.5351%)
939 305 32.4814 46 332 431 332(-22.9698%)
947 292 30.8342 54 382 462 382(-17.316%)
982 331 33.7067 55 392 490 392(-20%)
