994 63 6.33803 0 0 5 0(-100%)
939 72 7.66773 0 0 20 0(-100%)
912 66 7.23684 0 0 26 0(-100%)
971 91 9.37178 0 0 43 0(-100%)
904 87 9.62389 0 0 45 0(-100%)
984 112 11.3821 0 0 62 0(-100%)
966 116 12.0083 0 0 60 0(-100%)
971 124 12.7703 0 0 79 0(-100%)
917 138 15.0491 0 0 98 0(-100%)
930 142 15.2688 0 0 99 0(-100%)
951 142 14.9317 0 0 106 0(-100%)
946 147 15.5391 0 0 105 0(-100%)
964 165 17.1162 0 0 136 0(-100%)
910 180 19.7802 0 0 129 0(-100%)
930 161 17.3118 0 0 128 0(-100%)
944 173 18.3263 1 7 138 7(-94.9275%)
969 221 22.807 4 28 179 28(-84.3575%)
943 196 20.7847 3 15 163 15(-90.7975%)
947 229 24.1816 1 7 192 7(-96.3542%)
949 213 22.4447 0 0 173 0(-100%)
999 255 25.5255 9 56 235 56(-76.1702%)
935 232 24.8128 5 35 217 35(-83.871%)
922 253 27.4403 2 15 224 15(-93.3036%)
921 258 28.013 2 14 224 14(-93.75%)
935 258 27.5936 5 35 245 35(-85.7143%)
958 244 25.4697 6 42 226 42(-81.4159%)
939 278 29.606 9 63 269 63(-76.5799%)
943 272 28.8441 12 80 272 80(-70.5882%)
941 283 30.0744 10 74 268 74(-72.3881%)
918 277 30.1743 8 57 269 57(-78.8104%)
949 294 30.98 15 109 301 109(-63.7874%)
965 300 31.0881 15 108 297 108(-63.6364%)
1000 310 31 17 119 311 119(-61.7363%)
991 307 30.9788 20 148 343 148(-56.8513%)
904 283 31.3053 14 102 289 102(-64.7059%)
957 341 35.6322 25 171 372 171(-54.0323%)
1018 336 33.0059 25 178 371 178(-52.0216%)
935 314 33.5829 25 169 349 169(-51.5759%)
948 314 33.1224 24 163 367 163(-55.5858%)
961 330 34.3392 33 233 388 233(-39.9485%)
969 342 35.2941 36 264 407 264(-35.1351%)
921 321 34.8534 34 225 390 225(-42.3077%)
934 327 35.0107 36 253 396 253(-36.1111%)
937 322 34.365 32 225 389 225(-42.1594%)
889 314 35.3206 31 235 383 235(-38.6423%)
942 339 35.9873 49 353 446 353(-20.852%)
905 333 36.7956 37 270 408 270(-33.8235%)
1009 362 35.8771 51 378 491 378(-23.0143%)
881 314 35.6413 49 348 435 348(-20%)
1005 349 34.7264 56 403 498 403(-19.0763%)
