1055 17 1.61137 0 0 9 0(-100%)
980 43 4.38776 0 0 32 0(-100%)
934 29 3.10493 0 0 21 0(-100%)
954 45 4.71698 0 0 35 0(-100%)
966 48 4.96894 0 0 40 0(-100%)
958 59 6.15866 0 0 56 0(-100%)
923 80 8.66739 0 0 75 0(-100%)
905 64 7.07182 0 0 58 0(-100%)
956 88 9.20502 0 0 79 0(-100%)
1027 88 8.56865 0 0 82 0(-100%)
930 106 11.3978 0 0 101 0(-100%)
964 131 13.5892 0 0 124 0(-100%)
957 134 14.0021 1 7 129 7(-94.5736%)
965 141 14.6114 0 0 135 0(-100%)
962 137 14.2412 1 7 135 7(-94.8148%)
938 141 15.032 0 0 135 0(-100%)
981 185 18.8583 2 14 181 14(-92.2652%)
956 184 19.2469 2 16 184 16(-91.3043%)
943 189 20.0424 1 7 186 7(-96.2366%)
969 212 21.8782 2 14 212 14(-93.3962%)
989 198 20.0202 1 7 195 7(-96.4103%)
940 215 22.8723 5 37 215 37(-82.7907%)
949 210 22.1286 2 14 212 14(-93.3962%)
969 218 22.4974 6 42 230 42(-81.7391%)
972 222 22.8395 2 14 227 14(-93.8326%)
915 216 23.6066 7 49 226 49(-78.3186%)
899 233 25.9177 7 53 242 53(-78.0992%)
1008 271 26.8849 17 124 308 124(-59.7403%)
904 250 27.6549 6 43 255 43(-83.1373%)
939 252 26.8371 10 72 275 72(-73.8182%)
930 246 26.4516 16 114 286 114(-60.1399%)
969 278 28.6894 10 73 298 73(-75.5034%)
989 284 28.7159 18 139 324 139(-57.0988%)
913 264 28.9157 16 105 303 105(-65.3465%)
968 301 31.095 20 143 348 143(-58.908%)
941 298 31.6684 19 148 336 148(-55.9524%)
995 313 31.4573 17 124 356 124(-65.1685%)
969 299 30.8566 19 136 350 136(-61.1429%)
947 320 33.7909 26 188 367 188(-48.7738%)
930 308 33.1183 24 173 379 173(-54.3536%)
953 330 34.6275 31 227 401 227(-43.3915%)
998 346 34.6693 33 240 424 240(-43.3962%)
1044 332 31.8008 45 327 459 327(-28.7582%)
963 327 33.9564 40 293 413 293(-29.0557%)
958 311 32.4635 41 296 418 296(-29.1866%)
989 351 35.4904 54 387 479 387(-19.2067%)
914 309 33.8074 37 268 428 268(-37.3832%)
939 301 32.0554 51 361 462 361(-21.8615%)
945 321 33.9683 45 340 447 340(-23.9374%)
993 334 33.6354 49 368 464 368(-20.6897%)
