971 34 3.50154 0 0 15 0(-100%)
929 22 2.36814 0 0 9 0(-100%)
932 57 6.11588 0 0 40 0(-100%)
943 51 5.40827 0 0 35 0(-100%)
941 63 6.69501 0 0 42 0(-100%)
966 74 7.66046 0 0 56 0(-100%)
878 73 8.31435 0 0 59 0(-100%)
933 86 9.21758 0 0 65 0(-100%)
1005 110 10.9453 0 0 85 0(-100%)
975 105 10.7692 0 0 89 0(-100%)
940 130 13.8298 0 0 102 0(-100%)
920 134 14.5652 0 0 117 0(-100%)
953 143 15.0052 1 7 130 7(-94.6154%)
890 132 14.8315 0 0 115 0(-100%)
1021 155 15.1812 1 7 141 7(-95.0355%)
902 162 17.9601 0 0 145 0(-100%)
981 174 17.737 0 0 156 0(-100%)
935 173 18.5027 0 0 163 0(-100%)
959 188 19.6038 0 0 170 0(-100%)
971 211 21.7302 1 7 194 7(-96.3918%)
910 209 22.967 1 7 202 7(-96.5347%)
901 215 23.8624 3 21 211 21(-90.0474%)
967 239 24.7156 5 35 233 35(-84.9785%)
962 223 23.1809 2 14 211 14(-93.3649%)
958 246 25.6785 7 49 250 49(-80.4%)
989 259 26.1881 13 93 281 93(-66.9039%)
1021 280 27.4241 7 50 280 50(-82.1429%)
1015 307 30.2463 14 95 323 95(-70.5882%)
932 252 27.0386 9 65 264 65(-75.3788%)
908 255 28.0837 11 78 273 78(-71.4286%)
948 283 29.8523 12 92 298 92(-69.1275%)
968 286 29.5455 16 116 304 116(-61.8421%)
974 276 28.3368 13 91 300 91(-69.6667%)
958 296 30.8977 19 134 326 134(-58.8957%)
949 299 31.5068 21 158 347 158(-54.4669%)
947 295 31.151 15 109 324 109(-66.358%)
929 317 34.1227 24 168 358 168(-53.0726%)
931 313 33.6198 23 167 353 167(-52.6912%)
959 323 33.6809 30 217 389 217(-44.2159%)
967 336 34.7466 27 190 390 190(-51.2821%)
968 331 34.1942 31 224 387 224(-42.1189%)
937 297 31.6969 29 207 362 207(-42.8177%)
981 334 34.0469 37 266 434 266(-38.7097%)
955 307 32.1466 45 323 442 323(-26.9231%)
928 327 35.2371 40 272 420 272(-35.2381%)
933 302 32.3687 43 302 422 302(-28.436%)
992 344 34.6774 53 377 489 377(-22.9039%)
918 314 34.2048 45 337 426 337(-20.892%)
963 325 33.7487 53 386 474 386(-18.5654%)
954 327 34.2767 53 388 477 388(-18.6583%)
