993 35 3.52467 0 0 10 0(-100%)
987 74 7.49747 0 0 32 0(-100%)
889 48 5.39933 0 0 25 0(-100%)
898 81 9.02004 0 0 38 0(-100%)
985 86 8.73096 0 0 59 0(-100%)
994 90 9.05433 0 0 61 0(-100%)
973 105 10.7914 0 0 75 0(-100%)
978 92 9.40695 0 0 69 0(-100%)
944 112 11.8644 0 0 71 0(-100%)
960 131 13.6458 0 0 107 0(-100%)
971 133 13.6972 0 0 113 0(-100%)
946 143 15.1163 0 0 118 0(-100%)
982 135 13.7475 1 7 115 7(-93.913%)
977 162 16.5814 0 0 143 0(-100%)
965 181 18.7565 1 7 149 7(-95.302%)
916 156 17.0306 1 7 141 7(-95.0355%)
980 207 21.1224 2 14 186 14(-92.4731%)
974 223 22.8953 4 30 210 30(-85.7143%)
945 193 20.4233 0 0 173 0(-100%)
941 204 21.6791 2 14 184 14(-92.3913%)
971 226 23.275 1 7 206 7(-96.6019%)
925 224 24.2162 3 22 215 22(-89.7674%)
910 249 27.3626 3 26 230 26(-88.6957%)
948 225 23.7342 1 7 207 7(-96.6184%)
972 242 24.8971 6 45 236 45(-80.9322%)
968 258 26.6529 5 36 245 36(-85.3061%)
908 261 28.7445 10 70 265 70(-73.5849%)
929 263 28.31 6 42 263 42(-84.0304%)
935 248 26.5241 10 70 255 70(-72.549%)
1007 292 28.997 9 67 284 67(-76.4085%)
1001 291 29.0709 12 87 302 87(-71.1921%)
943 292 30.965 12 89 303 89(-70.6271%)
934 295 31.5846 13 99 304 99(-67.4342%)
959 305 31.804 16 119 335 119(-64.4776%)
989 297 30.0303 20 146 332 146(-56.0241%)
892 285 31.9507 16 119 308 119(-61.3636%)
913 286 31.3253 18 127 325 127(-60.9231%)
917 299 32.6063 29 215 373 215(-42.3592%)
924 313 33.8745 34 237 384 237(-38.2812%)
969 314 32.4045 35 259 394 259(-34.264%)
929 314 33.7998 30 209 367 209(-43.0518%)
929 300 32.2928 29 206 372 206(-44.6237%)
990 330 33.3333 37 263 416 263(-36.7788%)
1008 341 33.8294 39 278 437 278(-36.3844%)
920 306 33.2609 35 258 396 258(-34.8485%)
942 341 36.1996 48 344 454 344(-24.2291%)
941 319 33.9001 41 306 429 306(-28.6713%)
986 341 34.5842 48 351 464 351(-24.3534%)
964 321 33.2988 49 352 463 352(-23.9741%)
978 323 33.0266 58 403 503 403(-19.8807%)
