934 19 2.03426 0 0 11 0(-100%)
935 26 2.78075 0 0 16 0(-100%)
941 45 4.78215 0 0 35 0(-100%)
892 54 6.05381 0 0 53 0(-100%)
915 63 6.88525 0 0 51 0(-100%)
971 64 6.59114 0 0 54 0(-100%)
991 68 6.86176 0 0 65 0(-100%)
923 83 8.99242 0 0 75 0(-100%)
964 84 8.71369 0 0 77 0(-100%)
998 103 10.3206 0 0 98 0(-100%)
986 87 8.82353 0 0 80 0(-100%)
1005 121 12.0398 0 0 111 0(-100%)
955 137 14.3455 0 0 125 0(-100%)
946 131 13.8478 0 0 120 0(-100%)
973 152 15.6218 0 0 143 0(-100%)
894 163 18.2327 0 0 157 0(-100%)
956 162 16.9456 1 7 156 7(-95.5128%)
958 180 18.7891 1 7 177 7(-96.0452%)
884 169 19.1176 1 9 166 9(-94.5783%)
987 197 19.9595 1 7 189 7(-96.2963%)
969 212 21.8782 2 16 209 16(-92.3445%)
947 215 22.7033 3 21 213 21(-90.1408%)
944 205 21.7161 1 7 195 7(-96.4103%)
933 215 23.0439 6 42 230 42(-81.7391%)
952 243 25.5252 7 50 250 50(-80%)
996 270 27.1084 6 46 281 46(-83.6299%)
892 234 26.2332 7 49 245 49(-80%)
945 248 26.2434 9 65 269 65(-75.8364%)
906 242 26.7108 5 35 245 35(-85.7143%)
969 291 30.031 17 119 329 119(-63.8298%)
968 241 24.8967 8 56 270 56(-79.2593%)
978 314 32.1063 23 178 356 178(-50%)
948 272 28.692 18 130 314 130(-58.5987%)
952 286 30.042 16 114 326 114(-65.0307%)
903 279 30.897 19 135 314 135(-57.0064%)
914 273 29.8687 18 128 326 128(-60.7362%)
932 289 31.0086 22 159 336 159(-52.6786%)
999 311 31.1311 24 171 361 171(-52.6316%)
938 292 31.1301 25 176 353 176(-50.1416%)
1020 342 33.5294 41 290 437 290(-33.6384%)
951 304 31.9664 26 190 370 190(-48.6486%)
940 319 33.9362 32 232 394 232(-41.1168%)
924 316 34.1991 26 200 378 200(-47.0899%)
972 312 32.0988 33 237 421 237(-43.7055%)
992 323 32.5605 42 300 436 300(-31.1927%)
961 316 32.8824 47 337 453 337(-25.6071%)
988 320 32.3887 50 371 462 371(-19.697%)
891 299 33.5578 43 307 429 307(-28.4382%)
1007 333 33.0685 45 317 468 317(-32.265%)
1001 350 34.965 56 414 506 414(-18.1818%)
