989 27 2.73003 0 0 13 0(-100%)
957 33 3.44828 0 0 21 0(-100%)
956 40 4.1841 0 0 33 0(-100%)
929 48 5.16685 0 0 39 0(-100%)
1005 72 7.16418 0 0 47 0(-100%)
985 87 8.83249 0 0 67 0(-100%)
978 79 8.07771 0 0 65 0(-100%)
963 92 9.55348 0 0 77 0(-100%)
983 104 10.5799 0 0 92 0(-100%)
1014 130 12.8205 0 0 109 0(-100%)
938 119 12.6866 0 0 105 0(-100%)
928 124 13.3621 0 0 109 0(-100%)
971 141 14.5211 0 0 123 0(-100%)
994 143 14.3863 0 0 127 0(-100%)
982 165 16.8024 1 7 160 7(-95.625%)
947 170 17.9514 0 0 160 0(-100%)
945 180 19.0476 0 0 168 0(-100%)
959 180 18.7696 0 0 170 0(-100%)
965 161 16.6839 1 7 152 7(-95.3947%)
971 196 20.1854 2 14 190 14(-92.6316%)
939 218 23.2162 5 35 219 35(-84.0183%)
1009 203 20.1189 5 35 200 35(-82.5%)
910 205 22.5275 2 14 203 14(-93.1034%)
963 215 22.3261 3 21 214 21(-90.1869%)
922 217 23.5358 3 22 219 22(-89.9543%)
981 270 27.5229 13 91 284 91(-67.9577%)
1013 261 25.7651 6 47 264 47(-82.197%)
931 270 29.0011 9 67 280 67(-76.0714%)
916 263 28.7118 7 45 263 45(-82.8897%)
983 299 30.4171 16 116 325 116(-64.3077%)
993 274 27.5932 18 127 312 127(-59.2949%)
938 285 30.3838 16 113 325 113(-65.2308%)
1000 287 28.7 18 130 326 130(-60.1227%)
921 292 31.7047 15 112 305 112(-63.2787%)
996 314 31.5261 18 129 340 129(-62.0588%)
981 327 33.3333 20 149 371 149(-59.8383%)
962 297 30.8732 16 113 333 113(-66.0661%)
977 315 32.2416 23 161 374 161(-56.9519%)
982 306 31.1609 25 181 373 181(-51.4745%)
938 292 31.1301 25 178 357 178(-50.1401%)
1010 333 32.9703 33 237 411 237(-42.3358%)
959 325 33.8895 38 272 413 272(-34.1404%)
955 313 32.7749 36 262 413 262(-36.5617%)
1017 335 32.94 44 325 450 325(-27.7778%)
938 307 32.7292 40 282 403 282(-30.0248%)
978 330 33.7423 47 337 447 337(-24.6085%)
891 311 34.9046 46 324 433 324(-25.1732%)
929 318 34.2304 50 369 463 369(-20.3024%)
1033 352 34.0755 50 357 495 357(-27.8788%)
979 340 34.7293 50 365 466 365(-21.6738%)
