1009 26 2.57681 0 0 14 0(-100%)
938 32 3.41151 0 0 24 0(-100%)
984 35 3.55691 0 0 25 0(-100%)
930 58 6.23656 0 0 48 0(-100%)
953 58 6.08604 0 0 52 0(-100%)
946 52 5.49683 0 0 42 0(-100%)
955 83 8.6911 0 0 79 0(-100%)
968 84 8.67769 0 0 77 0(-100%)
908 94 10.3524 0 0 89 0(-100%)
979 96 9.80592 0 0 91 0(-100%)
951 107 11.2513 0 0 98 0(-100%)
877 108 12.3147 0 0 103 0(-100%)
909 117 12.8713 0 0 110 0(-100%)
958 138 14.405 1 7 129 7(-94.5736%)
953 145 15.2151 0 0 143 0(-100%)
961 150 15.6087 1 7 149 7(-95.302%)
971 173 17.8167 2 14 169 14(-91.716%)
1001 199 19.8801 0 0 192 0(-100%)
943 190 20.1485 1 7 189 7(-96.2963%)
963 200 20.7684 3 21 201 21(-89.5522%)
941 199 21.1477 2 14 198 14(-92.9293%)
982 214 21.7923 1 7 209 7(-96.6507%)
986 212 21.501 2 14 212 14(-93.3962%)
924 220 23.8095 8 56 237 56(-76.3713%)
961 241 25.078 11 77 258 77(-70.155%)
954 245 25.6813 4 29 251 29(-88.4462%)
936 250 26.7094 8 59 260 59(-77.3077%)
940 240 25.5319 7 51 252 51(-79.7619%)
969 271 27.967 8 58 281 58(-79.3594%)
1027 297 28.9192 11 81 318 81(-74.5283%)
909 250 27.5028 13 91 280 91(-67.5%)
968 287 29.6488 17 128 326 128(-60.7362%)
963 289 30.0104 14 99 319 99(-68.9655%)
955 280 29.3194 17 122 317 122(-61.5142%)
941 288 30.6057 16 116 323 116(-64.0867%)
951 304 31.9664 17 123 329 123(-62.614%)
951 297 31.2303 19 143 339 143(-57.8171%)
965 309 32.0207 23 169 360 169(-53.0556%)
954 308 32.2851 32 230 383 230(-39.9478%)
921 297 32.2476 30 222 361 222(-38.5042%)
943 309 32.7678 33 230 406 230(-43.3498%)
950 319 33.5789 35 242 401 242(-39.6509%)
944 303 32.0975 46 337 445 337(-24.2697%)
999 338 33.8338 37 276 432 276(-36.1111%)
990 328 33.1313 45 325 450 325(-27.7778%)
909 296 32.5633 38 270 412 270(-34.466%)
949 319 33.6143 46 329 445 329(-26.0674%)
963 324 33.6449 47 343 465 343(-26.2366%)
992 318 32.0565 52 369 478 369(-22.8033%)
970 319 32.8866 51 371 473 371(-21.5645%)
