918 5 0.544662 0 0 5 0(-100%)
1008 22 2.18254 0 0 21 0(-100%)
912 27 2.96053 0 0 24 0(-100%)
1006 40 3.97614 0 0 39 0(-100%)
919 45 4.89663 0 0 45 0(-100%)
986 63 6.38945 0 0 62 0(-100%)
960 61 6.35417 0 0 59 0(-100%)
915 59 6.44809 0 0 59 0(-100%)
932 80 8.58369 0 0 80 0(-100%)
977 104 10.6448 0 0 103 0(-100%)
967 97 10.031 0 0 96 0(-100%)
953 112 11.7524 0 0 112 0(-100%)
902 112 12.4169 0 0 112 0(-100%)
985 152 15.4315 0 0 152 0(-100%)
982 151 15.3768 0 0 151 0(-100%)
962 155 16.1123 1 7 158 7(-95.5696%)
945 152 16.0847 2 14 155 14(-90.9677%)
931 156 16.7562 2 14 158 14(-91.1392%)
937 159 16.9691 1 7 163 7(-95.7055%)
952 192 20.1681 0 0 192 0(-100%)
902 205 22.7273 1 7 206 7(-96.6019%)
930 194 20.8602 3 21 201 21(-89.5522%)
976 214 21.9262 1 7 215 7(-96.7442%)
970 228 23.5052 5 37 237 37(-84.3882%)
895 209 23.352 0 0 209 0(-100%)
918 232 25.2723 3 22 236 22(-90.678%)
927 239 25.7821 9 64 256 64(-75%)
938 270 28.7846 12 87 294 87(-70.4082%)
954 252 26.4151 7 49 273 49(-82.0513%)
964 272 28.2158 16 114 313 114(-63.5783%)
992 281 28.3266 9 65 297 65(-78.1145%)
1053 313 29.7246 19 134 356 134(-62.3596%)
929 261 28.0947 13 93 292 93(-68.1507%)
934 294 31.4775 15 114 327 114(-65.1376%)
992 292 29.4355 18 133 328 133(-59.4512%)
921 287 31.1618 20 145 328 145(-55.7927%)
885 280 31.6384 21 155 332 155(-53.3133%)
985 299 30.3553 31 223 384 223(-41.9271%)
925 290 31.3514 23 166 351 166(-52.7066%)
952 306 32.1429 24 171 368 171(-53.5326%)
968 318 32.8512 29 217 398 217(-45.4774%)
937 294 31.3767 33 235 390 235(-39.7436%)
893 289 32.3628 31 225 386 225(-41.7098%)
891 306 34.3434 33 239 383 239(-37.5979%)
899 313 34.8165 41 308 418 308(-26.3158%)
942 328 34.8195 44 325 437 325(-25.6293%)
918 275 29.9564 39 279 413 279(-32.4455%)
964 333 34.5436 44 318 460 318(-30.8696%)
982 304 30.9572 53 379 482 379(-21.3693%)
961 295 30.6972 53 377 484 377(-22.1074%)
