943 9 0.954401 0 0 8 0(-100%)
953 17 1.78384 0 0 17 0(-100%)
1030 26 2.52427 0 0 25 0(-100%)
929 42 4.52099 0 0 41 0(-100%)
984 40 4.06504 0 0 40 0(-100%)
996 64 6.4257 0 0 62 0(-100%)
908 66 7.26872 0 0 65 0(-100%)
962 73 7.58836 0 0 71 0(-100%)
886 67 7.56208 0 0 68 0(-100%)
938 92 9.8081 0 0 92 0(-100%)
929 105 11.3025 1 8 105 8(-92.381%)
948 113 11.9198 0 0 112 0(-100%)
924 115 12.4459 0 0 113 0(-100%)
982 141 14.3585 1 7 143 7(-95.1049%)
907 140 15.4355 0 0 139 0(-100%)
903 120 13.289 0 0 119 0(-100%)
948 154 16.2447 0 0 155 0(-100%)
929 167 17.9763 1 7 169 7(-95.858%)
961 167 17.3777 1 7 171 7(-95.9064%)
958 175 18.2672 1 7 177 7(-96.0452%)
950 179 18.8421 4 28 190 28(-85.2632%)
937 221 23.5859 3 21 231 21(-90.9091%)
966 229 23.706 7 49 249 49(-80.3213%)
991 251 25.328 7 49 262 49(-81.2977%)
938 216 23.0277 2 14 220 14(-93.6364%)
969 242 24.9742 6 45 252 45(-82.1429%)
935 233 24.9198 11 79 259 79(-69.4981%)
956 231 24.1632 9 66 251 66(-73.7052%)
922 242 26.2473 8 57 258 57(-77.907%)
960 269 28.0208 9 68 292 68(-76.7123%)
931 251 26.9603 12 90 287 90(-68.6411%)
967 281 29.0589 17 124 319 124(-61.1285%)
973 269 27.6465 16 125 300 125(-58.3333%)
929 254 27.3412 11 82 281 82(-70.8185%)
897 250 27.8707 20 146 311 146(-53.0547%)
959 300 31.2826 18 130 337 130(-61.4243%)
970 305 31.4433 12 89 329 89(-72.9483%)
947 306 32.3126 25 182 362 182(-49.7238%)
941 304 32.3061 24 173 355 173(-51.2676%)
981 301 30.683 22 157 362 157(-56.6298%)
936 308 32.906 33 238 395 238(-39.7468%)
924 298 32.2511 34 250 390 250(-35.8974%)
928 305 32.8664 29 208 386 208(-46.114%)
897 299 33.3333 36 264 391 264(-32.4808%)
899 309 34.3715 45 327 420 327(-22.1429%)
935 315 33.6898 34 246 410 246(-40%)
893 301 33.7066 51 367 453 367(-18.9845%)
949 311 32.7713 50 356 485 356(-26.5979%)
905 289 31.9337 47 339 454 339(-25.3304%)
955 316 33.089 54 387 496 387(-21.9758%)
