954 16 1.67715 0 0 15 0(-100%)
926 16 1.72786 0 0 15 0(-100%)
965 29 3.00518 0 0 28 0(-100%)
949 37 3.89884 0 0 37 0(-100%)
942 44 4.67091 0 0 42 0(-100%)
943 69 7.31707 0 0 69 0(-100%)
994 68 6.84105 0 0 66 0(-100%)
939 80 8.5197 0 0 79 0(-100%)
950 91 9.57895 0 0 90 0(-100%)
954 117 12.2642 0 0 117 0(-100%)
1011 100 9.8912 0 0 100 0(-100%)
922 112 12.1475 0 0 112 0(-100%)
937 133 14.1942 0 0 133 0(-100%)
927 118 12.7292 0 0 119 0(-100%)
989 173 17.4924 0 0 172 0(-100%)
968 157 16.219 0 0 157 0(-100%)
887 135 15.2198 0 0 135 0(-100%)
958 188 19.6242 4 28 197 28(-85.7868%)
935 162 17.3262 1 7 164 7(-95.7317%)
1014 204 20.1183 6 42 209 42(-79.9043%)
875 182 20.8 0 0 180 0(-100%)
981 209 21.3048 1 7 209 7(-96.6507%)
934 211 22.591 5 36 220 36(-83.6364%)
917 209 22.7917 1 7 211 7(-96.6825%)
935 223 23.8503 4 29 234 29(-87.6068%)
976 248 25.4098 8 60 266 60(-77.4436%)
972 237 24.3827 9 66 252 66(-73.8095%)
934 235 25.1606 13 91 271 91(-66.4207%)
938 254 27.0789 14 99 281 99(-64.7687%)
1003 252 25.1246 7 50 271 50(-81.5498%)
1001 274 27.3726 11 77 300 77(-74.3333%)
923 261 28.2774 12 86 284 86(-69.7183%)
991 288 29.0616 17 120 335 120(-64.1791%)
981 289 29.4597 21 142 345 142(-58.8406%)
983 289 29.3998 17 125 326 125(-61.6564%)
940 260 27.6596 28 196 351 196(-44.1595%)
942 286 30.3609 17 131 331 131(-60.423%)
983 297 30.2136 23 173 348 173(-50.2874%)
956 289 30.2301 26 192 364 192(-47.2527%)
954 308 32.2851 31 229 381 229(-39.895%)
1004 328 32.6693 30 219 395 219(-44.557%)
923 319 34.5612 34 252 395 252(-36.2025%)
910 291 31.978 34 238 379 238(-37.2032%)
974 305 31.3142 34 247 408 247(-39.4608%)
868 282 32.4885 37 270 376 270(-28.1915%)
944 311 32.9449 36 276 415 276(-33.494%)
937 317 33.8314 36 270 424 270(-36.3208%)
995 325 32.6633 41 296 446 296(-33.6323%)
916 302 32.9694 55 395 468 395(-15.5983%)
914 329 35.9956 50 371 452 371(-17.9204%)
