968 11 1.13636 0 0 8 0(-100%)
931 26 2.7927 0 0 25 0(-100%)
986 24 2.43408 0 0 24 0(-100%)
888 22 2.47748 0 0 22 0(-100%)
940 39 4.14894 0 0 36 0(-100%)
931 59 6.33727 0 0 59 0(-100%)
956 59 6.17155 0 0 58 0(-100%)
949 69 7.27081 0 0 68 0(-100%)
927 95 10.2481 0 0 94 0(-100%)
913 83 9.09091 0 0 82 0(-100%)
999 95 9.50951 0 0 95 0(-100%)
947 110 11.6156 0 0 109 0(-100%)
939 101 10.7561 0 0 101 0(-100%)
959 137 14.2857 0 0 136 0(-100%)
956 159 16.6318 0 0 157 0(-100%)
930 145 15.5914 1 7 146 7(-95.2055%)
955 155 16.2304 1 8 156 8(-94.8718%)
932 172 18.4549 2 14 174 14(-91.954%)
1010 183 18.1188 2 14 186 14(-92.4731%)
986 202 20.4868 2 14 205 14(-93.1707%)
977 208 21.2897 2 14 218 14(-93.578%)
998 208 20.8417 3 24 213 24(-88.7324%)
958 217 22.6514 4 28 229 28(-87.7729%)
935 227 24.2781 3 23 230 23(-90%)
944 226 23.9407 2 14 236 14(-94.0678%)
942 232 24.6285 9 63 254 63(-75.1969%)
986 236 23.9351 7 52 249 52(-79.1165%)
946 226 23.8901 4 28 233 28(-87.9828%)
917 255 27.8081 8 58 267 58(-78.2772%)
888 223 25.1126 10 70 245 70(-71.4286%)
968 290 29.9587 12 95 310 95(-69.3548%)
990 276 27.8788 17 119 327 119(-63.6086%)
963 294 30.5296 15 110 324 110(-66.0494%)
937 256 27.3212 16 113 301 113(-62.4585%)
950 283 29.7895 20 140 336 140(-58.3333%)
968 282 29.1322 18 128 326 128(-60.7362%)
972 316 32.5103 19 142 366 142(-61.2022%)
963 294 30.5296 21 147 349 147(-57.8797%)
917 291 31.7339 16 115 323 115(-64.3963%)
930 304 32.6882 21 152 347 152(-56.196%)
934 306 32.7623 22 164 369 164(-55.5556%)
990 323 32.6263 33 237 407 237(-41.769%)
908 285 31.3877 33 235 373 235(-36.9973%)
976 325 33.2992 31 227 404 227(-43.8119%)
980 322 32.8571 35 249 413 249(-39.7094%)
952 321 33.7185 44 314 441 314(-28.7982%)
905 296 32.7072 42 299 428 299(-30.1402%)
911 305 33.4797 50 353 447 353(-21.0291%)
904 278 30.7522 48 343 444 343(-22.7477%)
933 293 31.4041 52 373 470 373(-20.6383%)
