948 7 0.738397 0 0 6 0(-100%)
897 15 1.67224 0 0 15 0(-100%)
951 37 3.89064 0 0 35 0(-100%)
902 28 3.10421 0 0 27 0(-100%)
959 53 5.52659 0 0 52 0(-100%)
1009 65 6.44202 0 0 65 0(-100%)
944 60 6.35593 0 0 60 0(-100%)
904 75 8.29646 0 0 75 0(-100%)
934 94 10.0642 0 0 90 0(-100%)
963 103 10.6957 0 0 104 0(-100%)
967 100 10.3413 0 0 100 0(-100%)
953 113 11.8573 0 0 110 0(-100%)
918 126 13.7255 0 0 126 0(-100%)
964 137 14.2116 1 7 137 7(-94.8905%)
930 137 14.7312 1 7 137 7(-94.8905%)
934 157 16.8094 1 7 158 7(-95.5696%)
940 146 15.5319 0 0 144 0(-100%)
923 163 17.6598 1 7 165 7(-95.7576%)
925 163 17.6216 0 0 162 0(-100%)
959 181 18.8738 3 24 185 24(-87.027%)
922 188 20.3905 0 0 188 0(-100%)
957 193 20.1672 0 0 192 0(-100%)
939 218 23.2162 3 21 224 21(-90.625%)
942 236 25.0531 1 7 237 7(-97.0464%)
924 185 20.0216 2 15 186 15(-91.9355%)
935 243 25.9893 3 28 247 28(-88.664%)
945 210 22.2222 3 21 217 21(-90.3226%)
989 259 26.1881 11 80 278 80(-71.223%)
919 232 25.2448 4 28 243 28(-88.4774%)
914 253 27.6805 12 86 284 86(-69.7183%)
906 258 28.4768 15 111 289 111(-61.5917%)
1010 285 28.2178 16 116 323 116(-64.0867%)
962 288 29.9376 24 176 329 176(-46.5046%)
1009 322 31.9128 18 127 361 127(-64.8199%)
976 291 29.8156 20 142 331 142(-57.0997%)
936 262 27.9915 23 165 328 165(-49.6951%)
984 300 30.4878 34 243 392 243(-38.0102%)
968 311 32.1281 27 201 385 201(-47.7922%)
950 300 31.5789 31 224 368 224(-39.1304%)
941 294 31.2434 26 196 359 196(-45.4039%)
960 319 33.2292 33 249 407 249(-38.8206%)
939 291 30.9904 33 236 383 236(-38.3812%)
978 312 31.9018 36 264 416 264(-36.5385%)
956 317 33.159 36 258 413 258(-37.5303%)
938 309 32.9424 37 272 405 272(-32.8395%)
970 316 32.5773 47 337 456 337(-26.0965%)
1010 334 33.0693 51 379 481 379(-21.2058%)
996 319 32.0281 51 373 486 373(-23.251%)
965 312 32.3316 47 341 471 341(-27.6008%)
980 315 32.1429 58 414 507 414(-18.3432%)
