958 8 0.835073 0 0 8 0(-100%)
965 20 2.07254 0 0 19 0(-100%)
929 30 3.22928 0 0 29 0(-100%)
953 41 4.3022 0 0 40 0(-100%)
959 56 5.83942 0 0 55 0(-100%)
946 70 7.39958 0 0 69 0(-100%)
933 75 8.03859 0 0 73 0(-100%)
932 64 6.86695 0 0 64 0(-100%)
906 76 8.38852 0 0 74 0(-100%)
989 95 9.60566 0 0 95 0(-100%)
918 90 9.80392 0 0 89 0(-100%)
965 110 11.399 0 0 110 0(-100%)
951 118 12.408 0 0 117 0(-100%)
979 130 13.2789 0 0 130 0(-100%)
936 126 13.4615 1 7 127 7(-94.4882%)
958 158 16.4927 0 0 154 0(-100%)
970 152 15.6701 0 0 151 0(-100%)
939 163 17.3589 2 14 168 14(-91.6667%)
944 176 18.6441 0 0 175 0(-100%)
911 189 20.7464 2 14 191 14(-92.6702%)
950 198 20.8421 6 45 214 45(-78.972%)
946 212 22.4101 3 21 217 21(-90.3226%)
848 193 22.7594 2 14 197 14(-92.8934%)
953 214 22.4554 4 33 228 33(-85.5263%)
942 216 22.9299 3 21 220 21(-90.4545%)
928 228 24.569 4 29 243 29(-88.0658%)
983 236 24.0081 9 65 255 65(-74.5098%)
997 252 25.2758 10 77 278 77(-72.3022%)
951 245 25.7624 4 30 251 30(-88.0478%)
956 270 28.2427 13 96 290 96(-66.8966%)
914 260 28.4464 11 82 287 82(-71.4286%)
982 274 27.9022 14 100 306 100(-67.3203%)
950 293 30.8421 15 106 324 106(-67.284%)
933 268 28.7245 16 118 313 118(-62.3003%)
934 278 29.7645 15 108 311 108(-65.2733%)
964 276 28.6307 22 158 348 158(-54.5977%)
977 316 32.3439 27 198 372 198(-46.7742%)
975 318 32.6154 17 124 366 124(-66.1202%)
903 267 29.5681 24 171 335 171(-48.9552%)
920 295 32.0652 33 240 375 240(-36%)
967 299 30.9204 32 232 401 232(-42.1446%)
1001 336 33.5664 41 292 442 292(-33.9367%)
972 326 33.5391 38 267 421 267(-36.5796%)
961 307 31.9459 45 330 435 330(-24.1379%)
991 316 31.887 44 318 451 318(-29.49%)
972 298 30.6584 47 333 449 333(-25.8352%)
949 329 34.6681 46 334 447 334(-25.2796%)
959 328 34.2023 50 357 461 357(-22.5597%)
952 329 34.5588 52 375 468 375(-19.8718%)
979 311 31.7671 56 398 487 398(-18.2752%)
