962 15 1.55925 0 0 13 0(-100%)
993 18 1.81269 0 0 18 0(-100%)
946 29 3.06554 0 0 26 0(-100%)
931 50 5.37057 0 0 49 0(-100%)
962 59 6.13306 0 0 59 0(-100%)
974 55 5.64682 0 0 55 0(-100%)
996 57 5.72289 0 0 55 0(-100%)
959 81 8.4463 0 0 80 0(-100%)
987 91 9.21986 0 0 90 0(-100%)
964 100 10.3734 0 0 99 0(-100%)
994 109 10.9658 0 0 110 0(-100%)
1012 127 12.5494 0 0 126 0(-100%)
875 123 14.0571 1 7 125 7(-94.4%)
959 142 14.8071 1 7 144 7(-95.1389%)
907 123 13.5612 0 0 122 0(-100%)
916 167 18.2314 1 7 168 7(-95.8333%)
918 166 18.0828 3 21 171 21(-87.7193%)
979 165 16.8539 1 7 163 7(-95.7055%)
983 201 20.4476 1 7 207 7(-96.6184%)
944 187 19.8093 2 14 189 14(-92.5926%)
989 192 19.4135 1 7 194 7(-96.3918%)
947 188 19.8522 1 7 193 7(-96.3731%)
955 222 23.2461 2 14 227 14(-93.8326%)
925 221 23.8919 2 15 222 15(-93.2432%)
973 251 25.7965 4 28 257 28(-89.1051%)
955 254 26.5969 4 29 259 29(-88.8031%)
973 244 25.0771 5 35 257 35(-86.3813%)
906 248 27.3731 7 51 260 51(-80.3846%)
935 250 26.738 9 65 275 65(-76.3636%)
974 266 27.3101 9 64 282 64(-77.305%)
1009 282 27.9485 13 94 307 94(-69.3811%)
945 250 26.455 12 84 282 84(-70.2128%)
946 262 27.6956 17 124 309 124(-59.8706%)
882 254 28.7982 14 106 288 106(-63.1944%)
987 300 30.3951 20 142 349 142(-59.3123%)
915 275 30.0546 18 132 321 132(-58.8785%)
950 300 31.5789 25 188 349 188(-46.1318%)
1031 315 30.5529 30 219 392 219(-44.1327%)
927 292 31.4995 29 209 363 209(-42.4242%)
985 319 32.3858 29 208 381 208(-45.4068%)
901 305 33.8513 24 178 368 178(-51.6304%)
945 325 34.3915 34 263 416 263(-36.7788%)
950 303 31.8947 32 228 395 228(-42.2785%)
939 321 34.1853 35 261 408 261(-36.0294%)
966 307 31.7805 38 271 418 271(-35.1675%)
992 340 34.2742 52 399 472 399(-15.4661%)
967 316 32.6784 43 311 443 311(-29.7968%)
1018 326 32.0236 44 319 469 319(-31.9829%)
893 297 33.2587 52 368 457 368(-19.4748%)
951 310 32.5973 46 329 442 329(-25.5656%)
