932 15 1.60944 0 0 15 0(-100%)
943 14 1.48462 0 0 14 0(-100%)
954 26 2.72537 0 0 25 0(-100%)
1022 39 3.81605 0 0 38 0(-100%)
966 51 5.2795 0 0 50 0(-100%)
969 58 5.98555 0 0 56 0(-100%)
976 68 6.96721 0 0 69 0(-100%)
902 84 9.31264 0 0 82 0(-100%)
1005 82 8.1592 0 0 80 0(-100%)
1010 111 10.9901 0 0 111 0(-100%)
975 124 12.7179 1 7 124 7(-94.3548%)
957 121 12.6437 0 0 120 0(-100%)
954 102 10.6918 0 0 100 0(-100%)
961 134 13.9438 0 0 133 0(-100%)
954 132 13.8365 0 0 130 0(-100%)
985 166 16.8528 2 14 168 14(-91.6667%)
969 163 16.8215 0 0 162 0(-100%)
1003 172 17.1486 1 8 173 8(-95.3757%)
1033 187 18.1026 1 7 191 7(-96.3351%)
932 172 18.4549 4 28 178 28(-84.2697%)
957 190 19.8537 2 15 195 15(-92.3077%)
999 234 23.4234 5 38 243 38(-84.3621%)
975 213 21.8462 5 35 225 35(-84.4444%)
973 218 22.4049 5 37 231 37(-83.9827%)
944 218 23.0932 8 56 237 56(-76.3713%)
932 222 23.8197 3 22 230 22(-90.4348%)
1005 245 24.3781 3 21 252 21(-91.6667%)
932 264 28.3262 5 36 273 36(-86.8132%)
918 246 26.7974 10 70 275 70(-74.5455%)
960 250 26.0417 8 56 268 56(-79.1045%)
932 259 27.7897 9 64 286 64(-77.6224%)
966 278 28.7785 14 100 308 100(-67.5325%)
973 293 30.1131 11 81 315 81(-74.2857%)
940 289 30.7447 16 115 325 115(-64.6154%)
991 280 28.2543 18 123 334 123(-63.1737%)
953 287 30.1154 23 164 353 164(-53.5411%)
958 293 30.5846 18 127 341 127(-62.7566%)
960 310 32.2917 28 202 369 202(-45.2575%)
987 317 32.1175 23 166 367 166(-54.7684%)
969 301 31.063 24 169 364 169(-53.5714%)
909 304 33.4433 32 228 381 228(-40.1575%)
874 264 30.2059 26 185 354 185(-47.7401%)
980 324 33.0612 40 289 440 289(-34.3182%)
992 328 33.0645 37 268 428 268(-37.3832%)
963 325 33.7487 41 296 438 296(-32.4201%)
929 307 33.0463 40 296 419 296(-29.3556%)
884 277 31.3348 44 323 418 323(-22.7273%)
964 302 31.3278 44 312 461 312(-32.321%)
1014 334 32.9389 49 360 486 360(-25.9259%)
943 327 34.6766 52 380 461 380(-17.5705%)
