944 13 1.37712 0 0 10 0(-100%)
959 19 1.98123 0 0 17 0(-100%)
933 26 2.78671 0 0 26 0(-100%)
967 33 3.41262 0 0 32 0(-100%)
954 45 4.71698 0 0 45 0(-100%)
935 51 5.45455 0 0 50 0(-100%)
985 56 5.68528 0 0 57 0(-100%)
906 80 8.83002 0 0 78 0(-100%)
1002 89 8.88224 0 0 88 0(-100%)
987 94 9.52381 0 0 93 0(-100%)
932 98 10.515 0 0 97 0(-100%)
896 110 12.2768 0 0 109 0(-100%)
940 131 13.9362 1 7 134 7(-94.7761%)
988 132 13.3603 1 7 133 7(-94.7368%)
912 129 14.1447 0 0 129 0(-100%)
917 143 15.5943 1 7 144 7(-95.1389%)
923 153 16.5764 0 0 152 0(-100%)
991 183 18.4662 1 7 184 7(-96.1957%)
973 184 18.9106 0 0 183 0(-100%)
957 178 18.5998 2 14 180 14(-92.2222%)
935 178 19.0374 1 7 180 7(-96.1111%)
996 224 22.49 4 28 231 28(-87.8788%)
922 218 23.6443 3 21 224 21(-90.625%)
955 226 23.6649 6 42 240 42(-82.5%)
876 195 22.2603 3 21 200 21(-89.5%)
934 216 23.1263 4 31 223 31(-86.0987%)
958 237 24.739 9 66 256 66(-74.2188%)
930 240 25.8065 9 66 252 66(-73.8095%)
969 264 27.2446 9 63 284 63(-77.8169%)
933 268 28.7245 15 106 305 106(-65.2459%)
927 247 26.6451 5 35 265 35(-86.7925%)
953 283 29.6957 13 93 310 93(-70%)
954 269 28.1971 13 97 304 97(-68.0921%)
957 275 28.7356 15 106 308 106(-65.5844%)
976 284 29.0984 18 131 331 131(-60.423%)
942 270 28.6624 17 122 320 122(-61.875%)
940 293 31.1702 30 220 365 220(-39.726%)
941 282 29.9681 20 144 337 144(-57.27%)
936 310 33.1197 27 194 373 194(-47.9893%)
954 318 33.3333 23 168 368 168(-54.3478%)
1002 313 31.2375 27 201 386 201(-47.9275%)
943 298 31.6013 36 265 401 265(-33.9152%)
964 318 32.9876 47 338 438 338(-22.8311%)
980 320 32.6531 43 317 430 317(-26.2791%)
969 319 32.9205 35 250 416 250(-39.9038%)
966 325 33.6439 47 339 452 339(-25%)
973 316 32.4769 46 331 454 331(-27.0925%)
947 294 31.0454 50 354 469 354(-24.5203%)
948 322 33.9662 43 309 437 309(-29.2906%)
952 298 31.3025 57 404 492 404(-17.8862%)
