989 11 1.11223 0 0 9 0(-100%)
983 16 1.62767 0 0 15 0(-100%)
916 26 2.83843 0 0 26 0(-100%)
973 40 4.111 0 0 40 0(-100%)
960 45 4.6875 0 0 45 0(-100%)
949 49 5.16333 0 0 49 0(-100%)
936 62 6.62393 0 0 61 0(-100%)
946 78 8.24524 0 0 78 0(-100%)
927 84 9.06149 0 0 83 0(-100%)
923 110 11.9177 0 0 109 0(-100%)
920 76 8.26087 0 0 73 0(-100%)
969 112 11.5583 0 0 111 0(-100%)
863 121 14.0209 1 7 122 7(-94.2623%)
935 131 14.0107 1 7 131 7(-94.6565%)
940 142 15.1064 0 0 140 0(-100%)
983 159 16.175 0 0 155 0(-100%)
940 157 16.7021 1 7 159 7(-95.5975%)
988 166 16.8016 0 0 164 0(-100%)
979 190 19.4076 0 0 187 0(-100%)
916 181 19.7598 2 14 186 14(-92.4731%)
897 167 18.6176 3 21 173 21(-87.8613%)
945 206 21.7989 4 31 212 31(-85.3774%)
943 192 20.3606 4 32 197 32(-83.7563%)
916 223 24.345 5 38 236 38(-83.8983%)
927 225 24.2718 7 49 242 49(-79.7521%)
979 227 23.1869 5 36 235 36(-84.6809%)
918 240 26.1438 6 42 255 42(-83.5294%)
914 241 26.3676 5 36 248 36(-85.4839%)
944 255 27.0127 12 84 283 84(-70.318%)
963 262 27.2066 10 73 285 73(-74.386%)
980 276 28.1633 6 42 292 42(-85.6164%)
920 255 27.7174 13 92 293 92(-68.6007%)
1016 316 31.1024 17 125 350 125(-64.2857%)
961 283 29.4485 23 166 335 166(-50.4478%)
956 294 30.7531 16 116 329 116(-64.7416%)
970 304 31.3402 18 130 350 130(-62.8571%)
941 277 29.4368 23 162 341 162(-52.4927%)
982 310 31.5682 23 162 364 162(-55.4945%)
924 268 29.0043 22 155 330 155(-53.0303%)
920 295 32.0652 27 206 368 206(-44.0217%)
983 303 30.824 37 263 410 263(-35.8537%)
971 304 31.3079 37 262 430 262(-39.0698%)
975 302 30.9744 32 229 384 229(-40.3646%)
946 297 31.3953 42 299 424 299(-29.4811%)
1001 333 33.2667 41 305 441 305(-30.839%)
934 286 30.621 51 371 454 371(-18.2819%)
930 307 33.0108 34 246 403 246(-38.9578%)
948 314 33.1224 50 356 465 356(-23.4409%)
949 305 32.1391 48 351 453 351(-22.5166%)
972 316 32.5103 47 334 466 334(-28.3262%)
