972 16 1.64609 0 0 13 0(-100%)
886 16 1.80587 0 0 16 0(-100%)
919 37 4.02612 0 0 35 0(-100%)
951 31 3.25973 0 0 31 0(-100%)
989 48 4.85339 0 0 46 0(-100%)
935 69 7.37968 0 0 67 0(-100%)
922 76 8.24295 0 0 75 0(-100%)
989 97 9.80789 0 0 96 0(-100%)
960 79 8.22917 0 0 78 0(-100%)
990 106 10.7071 0 0 106 0(-100%)
934 99 10.5996 0 0 98 0(-100%)
940 103 10.9574 0 0 105 0(-100%)
962 114 11.8503 0 0 114 0(-100%)
996 137 13.755 0 0 137 0(-100%)
962 143 14.8649 0 0 142 0(-100%)
995 150 15.0754 1 8 150 8(-94.6667%)
961 184 19.1467 1 8 183 8(-95.6284%)
966 157 16.2526 1 7 158 7(-95.5696%)
1021 189 18.5113 2 14 197 14(-92.8934%)
942 183 19.4268 1 7 184 7(-96.1957%)
967 207 21.4064 1 7 208 7(-96.6346%)
931 217 23.3083 4 30 226 30(-86.7257%)
972 222 22.8395 4 28 234 28(-88.0342%)
986 220 22.3124 6 43 239 43(-82.0084%)
970 218 22.4742 6 42 230 42(-81.7391%)
979 254 25.9448 7 49 269 49(-81.7844%)
943 248 26.299 9 64 259 64(-75.2896%)
955 248 25.9686 7 50 265 50(-81.1321%)
954 271 28.4067 9 66 286 66(-76.9231%)
934 270 28.9079 10 72 292 72(-75.3425%)
1018 285 27.9961 7 52 291 52(-82.1306%)
955 277 29.0052 13 95 310 95(-69.3548%)
998 285 28.5571 16 120 319 120(-62.3824%)
942 281 29.8301 16 114 318 114(-64.1509%)
910 274 30.1099 14 107 303 107(-64.6865%)
952 293 30.7773 17 125 337 125(-62.908%)
898 285 31.7372 19 138 323 138(-57.2755%)
938 299 31.8763 25 177 360 177(-50.8333%)
968 310 32.0248 32 233 390 233(-40.2564%)
924 303 32.7922 28 196 364 196(-46.1538%)
931 293 31.4715 30 218 377 218(-42.1751%)
920 305 33.1522 33 239 387 239(-38.2429%)
957 323 33.7513 42 299 423 299(-29.3144%)
955 330 34.555 35 257 413 257(-37.7724%)
929 310 33.3692 41 297 416 297(-28.6058%)
913 297 32.5301 33 236 391 236(-39.6419%)
997 336 33.7011 50 365 477 365(-23.4801%)
922 309 33.5141 49 353 447 353(-21.0291%)
970 299 30.8247 60 429 505 429(-15.0495%)
958 307 32.0459 45 323 438 323(-26.2557%)
