1000 10 1 0 0 8 0(-100%)
941 17 1.80659 0 0 16 0(-100%)
940 32 3.40426 0 0 32 0(-100%)
919 41 4.46137 0 0 40 0(-100%)
937 38 4.0555 0 0 37 0(-100%)
981 60 6.11621 0 0 56 0(-100%)
940 63 6.70213 0 0 62 0(-100%)
936 74 7.90598 0 0 73 0(-100%)
979 95 9.70378 0 0 95 0(-100%)
988 109 11.0324 0 0 107 0(-100%)
940 107 11.383 0 0 106 0(-100%)
969 131 13.5191 1 7 132 7(-94.697%)
931 137 14.7154 0 0 135 0(-100%)
939 124 13.2055 0 0 122 0(-100%)
981 149 15.1886 1 7 150 7(-95.3333%)
937 143 15.2615 0 0 141 0(-100%)
970 149 15.3608 1 7 151 7(-95.3642%)
959 170 17.7268 4 28 174 28(-83.908%)
949 170 17.9136 1 7 172 7(-95.9302%)
983 200 20.3459 3 21 208 21(-89.9038%)
971 198 20.3913 2 14 202 14(-93.0693%)
971 219 22.5541 2 22 220 22(-90%)
903 205 22.7021 7 50 225 50(-77.7778%)
946 221 23.3615 4 28 227 28(-87.6652%)
951 236 24.816 5 35 245 35(-85.7143%)
891 232 26.0382 3 22 236 22(-90.678%)
949 259 27.2919 12 84 279 84(-69.8925%)
1004 265 26.3944 8 58 281 58(-79.3594%)
946 268 28.3298 9 67 288 67(-76.7361%)
910 265 29.1209 12 84 291 84(-71.134%)
935 255 27.2727 11 79 278 79(-71.5827%)
940 256 27.234 11 79 284 79(-72.1831%)
970 278 28.6598 20 144 320 144(-55%)
912 268 29.386 13 92 289 92(-68.1661%)
976 278 28.4836 16 112 320 112(-65%)
973 276 28.3659 19 134 335 134(-60%)
911 274 30.0768 26 188 337 188(-44.2136%)
978 324 33.1288 28 203 392 203(-48.2143%)
997 312 31.2939 25 182 374 182(-51.3369%)
970 300 30.9278 41 300 413 300(-27.3608%)
915 292 31.9126 30 217 382 217(-43.1937%)
981 309 31.4985 40 292 438 292(-33.3333%)
926 301 32.5054 41 299 415 299(-27.9518%)
981 339 34.5566 43 313 442 313(-29.1855%)
907 303 33.4068 32 244 383 244(-36.2924%)
988 341 34.5142 49 354 477 354(-25.7862%)
969 314 32.4045 41 293 432 293(-32.1759%)
955 315 32.9843 40 283 427 283(-33.7237%)
959 321 33.4724 55 396 483 396(-18.0124%)
937 315 33.6179 59 434 505 434(-14.0594%)
