975 15 1.53846 0 0 12 0(-100%)
907 18 1.98456 0 0 15 0(-100%)
959 29 3.02398 0 0 29 0(-100%)
939 49 5.21832 0 0 45 0(-100%)
960 48 5 0 0 47 0(-100%)
940 62 6.59574 0 0 61 0(-100%)
954 75 7.86164 0 0 73 0(-100%)
917 73 7.96074 0 0 72 0(-100%)
987 94 9.52381 0 0 94 0(-100%)
886 84 9.48081 0 0 83 0(-100%)
917 97 10.578 0 0 97 0(-100%)
951 121 12.7234 0 0 120 0(-100%)
967 152 15.7187 0 0 152 0(-100%)
919 133 14.4723 0 0 131 0(-100%)
998 142 14.2285 0 0 139 0(-100%)
968 153 15.8058 0 0 152 0(-100%)
980 160 16.3265 1 7 164 7(-95.7317%)
975 184 18.8718 2 14 187 14(-92.5134%)
973 200 20.555 3 22 206 22(-89.3204%)
967 176 18.2006 0 0 178 0(-100%)
1010 236 23.3663 2 14 240 14(-94.1667%)
995 232 23.3166 3 21 238 21(-91.1765%)
929 208 22.3897 4 30 211 30(-85.782%)
954 207 21.6981 3 23 214 23(-89.2523%)
938 201 21.4286 7 51 221 51(-76.9231%)
921 232 25.19 7 52 243 52(-78.6008%)
963 230 23.8837 5 35 248 35(-85.8871%)
941 228 24.2295 9 65 255 65(-74.5098%)
973 246 25.2826 6 43 261 43(-83.5249%)
1025 286 27.9024 9 64 302 64(-78.8079%)
947 263 27.7719 14 101 294 101(-65.6463%)
933 258 27.6527 15 107 289 107(-62.9758%)
967 279 28.8521 13 94 313 94(-69.9681%)
973 289 29.702 15 106 332 106(-68.0723%)
940 273 29.0426 25 183 340 183(-46.1765%)
929 283 30.4629 27 196 337 196(-41.8398%)
965 303 31.399 23 167 366 167(-54.3716%)
957 303 31.6614 22 162 357 162(-54.6218%)
930 297 31.9355 29 217 370 217(-41.3514%)
937 307 32.7641 28 207 372 207(-44.3548%)
947 302 31.8902 32 228 395 228(-42.2785%)
920 297 32.2826 27 196 367 196(-46.594%)
941 312 33.1562 35 257 403 257(-36.2283%)
945 313 33.1217 35 269 399 269(-32.5815%)
945 319 33.7566 43 315 422 315(-25.3555%)
942 320 33.9703 41 294 445 294(-33.9326%)
983 334 33.9776 52 374 479 374(-21.9207%)
935 291 31.123 54 392 466 392(-15.8798%)
947 338 35.6917 45 340 453 340(-24.9448%)
924 303 32.7922 55 392 468 392(-16.2393%)
