917 13 1.41767 0 0 10 0(-100%)
946 26 2.74841 0 0 24 0(-100%)
1002 30 2.99401 0 0 27 0(-100%)
904 52 5.75221 0 0 51 0(-100%)
986 47 4.76673 0 0 47 0(-100%)
934 46 4.92505 0 0 41 0(-100%)
958 77 8.03758 0 0 77 0(-100%)
936 92 9.82906 0 0 92 0(-100%)
940 93 9.89362 0 0 90 0(-100%)
942 99 10.5096 0 0 97 0(-100%)
990 105 10.6061 0 0 104 0(-100%)
960 109 11.3542 1 7 110 7(-93.6364%)
983 135 13.7335 0 0 134 0(-100%)
900 119 13.2222 0 0 119 0(-100%)
915 137 14.9727 0 0 137 0(-100%)
1007 177 17.577 2 14 179 14(-92.1788%)
984 151 15.3455 0 0 150 0(-100%)
952 165 17.3319 0 0 165 0(-100%)
934 162 17.3448 1 7 161 7(-95.6522%)
947 180 19.0074 2 14 181 14(-92.2652%)
981 199 20.2854 4 30 207 30(-85.5072%)
957 206 21.5256 1 7 206 7(-96.6019%)
892 212 23.7668 6 46 219 46(-78.9954%)
939 220 23.4292 4 28 228 28(-87.7193%)
971 224 23.069 5 35 235 35(-85.1064%)
958 246 25.6785 7 49 266 49(-81.5789%)
1010 277 27.4257 6 48 293 48(-83.6177%)
911 235 25.7958 8 59 251 59(-76.494%)
924 253 27.381 7 49 276 49(-82.2464%)
948 268 28.27 11 84 284 84(-70.4225%)
924 269 29.1126 10 74 295 74(-74.9153%)
901 257 28.5239 11 77 286 77(-73.0769%)
902 273 30.2661 15 113 301 113(-62.4585%)
975 286 29.3333 17 120 326 120(-63.1902%)
973 279 28.6742 16 115 318 115(-63.8365%)
937 280 29.8826 20 144 330 144(-56.3636%)
941 289 30.712 24 180 347 180(-48.1268%)
938 298 31.7697 21 160 337 160(-52.5223%)
1008 296 29.3651 27 193 379 193(-49.0765%)
988 303 30.668 28 200 382 200(-47.644%)
1020 331 32.451 34 246 419 246(-41.2888%)
961 317 32.9865 30 214 394 214(-45.6853%)
912 291 31.9079 28 199 374 199(-46.7914%)
897 321 35.786 39 282 407 282(-30.7125%)
1030 357 34.6602 44 319 463 319(-31.1015%)
983 338 34.3845 44 324 452 324(-28.3186%)
973 343 35.2518 41 300 440 300(-31.8182%)
937 310 33.0843 48 345 455 345(-24.1758%)
948 302 31.8565 54 394 482 394(-18.2573%)
972 337 34.6708 46 333 457 333(-27.1335%)
