920 8 0.869565 0 0 7 0(-100%)
986 22 2.23124 0 0 20 0(-100%)
985 31 3.14721 0 0 30 0(-100%)
955 38 3.97906 0 0 37 0(-100%)
933 43 4.60879 0 0 43 0(-100%)
940 55 5.85106 0 0 55 0(-100%)
923 75 8.12568 0 0 73 0(-100%)
883 67 7.58777 0 0 67 0(-100%)
969 84 8.66873 0 0 82 0(-100%)
973 95 9.76362 0 0 96 0(-100%)
938 120 12.7932 0 0 120 0(-100%)
904 114 12.6106 0 0 113 0(-100%)
958 121 12.6305 0 0 121 0(-100%)
917 104 11.3413 0 0 104 0(-100%)
972 140 14.4033 1 7 141 7(-95.0355%)
934 158 16.9165 0 0 158 0(-100%)
966 177 18.323 0 0 177 0(-100%)
954 181 18.9727 0 0 181 0(-100%)
939 161 17.1459 0 0 161 0(-100%)
960 183 19.0625 0 0 182 0(-100%)
981 200 20.3874 3 21 206 21(-89.8058%)
959 197 20.5422 2 14 197 14(-92.8934%)
916 195 21.2882 0 0 193 0(-100%)
949 195 20.5479 4 28 209 28(-86.6029%)
997 251 25.1755 6 44 260 44(-83.0769%)
951 259 27.2345 7 52 274 52(-81.0219%)
947 261 27.5607 8 57 271 57(-78.9668%)
947 229 24.1816 4 29 239 29(-87.8661%)
954 256 26.8344 9 65 273 65(-76.1905%)
912 261 28.6184 8 60 279 60(-78.4946%)
901 268 29.7447 11 77 293 77(-73.7201%)
958 272 28.3925 9 56 287 56(-80.4878%)
957 277 28.9446 13 100 300 100(-66.6667%)
1003 287 28.6142 20 144 338 144(-57.3964%)
976 288 29.5082 21 149 343 149(-56.5598%)
897 279 31.1037 15 111 314 111(-64.6497%)
988 306 30.9717 24 166 353 166(-52.9745%)
937 281 29.9893 20 142 334 142(-57.485%)
986 308 31.2373 20 153 357 153(-57.1429%)
1000 325 32.5 29 218 407 218(-46.4373%)
972 299 30.7613 23 158 378 158(-58.2011%)
982 337 34.3177 36 270 420 270(-35.7143%)
993 332 33.434 38 273 439 273(-37.8132%)
955 316 33.089 43 315 430 315(-26.7442%)
938 295 31.4499 36 255 404 255(-36.8812%)
915 306 33.4426 43 307 425 307(-27.7647%)
937 320 34.1515 38 277 404 277(-31.4356%)
985 311 31.5736 48 344 455 344(-24.3956%)
978 330 33.7423 48 340 459 340(-25.9259%)
989 329 33.2659 57 412 507 412(-18.7377%)
