906 10 1.10375 0 0 8 0(-100%)
986 18 1.82556 0 0 16 0(-100%)
976 38 3.89344 0 0 36 0(-100%)
929 43 4.62863 0 0 43 0(-100%)
935 53 5.66845 0 0 51 0(-100%)
973 69 7.09147 0 0 68 0(-100%)
926 50 5.39957 0 0 49 0(-100%)
989 83 8.39232 0 0 82 0(-100%)
925 96 10.3784 0 0 96 0(-100%)
980 90 9.18367 0 0 88 0(-100%)
883 95 10.7588 0 0 96 0(-100%)
1015 113 11.133 0 0 112 0(-100%)
935 120 12.8342 0 0 120 0(-100%)
883 126 14.2695 0 0 126 0(-100%)
882 124 14.059 0 0 124 0(-100%)
954 157 16.457 1 7 160 7(-95.625%)
944 152 16.1017 0 0 153 0(-100%)
947 152 16.0507 1 7 152 7(-95.3947%)
984 195 19.8171 1 7 193 7(-96.3731%)
901 178 19.7558 1 7 177 7(-96.0452%)
969 199 20.5366 2 15 205 15(-92.6829%)
956 226 23.6402 1 9 224 9(-95.9821%)
929 215 23.1432 4 28 218 28(-87.156%)
992 233 23.4879 4 29 240 29(-87.9167%)
937 203 21.6649 6 42 217 42(-80.6452%)
959 235 24.5047 8 57 250 57(-77.2%)
973 240 24.666 4 28 250 28(-88.8%)
934 231 24.7323 6 42 251 42(-83.2669%)
933 222 23.7942 7 49 243 49(-79.8354%)
937 274 29.2423 9 64 291 64(-78.0069%)
964 280 29.0456 11 80 306 80(-73.8562%)
898 260 28.9532 15 111 293 111(-62.116%)
957 275 28.7356 19 139 319 139(-56.4263%)
885 264 29.8305 14 100 297 100(-66.33%)
947 288 30.4118 12 85 314 85(-72.9299%)
908 283 31.1674 21 150 326 150(-53.9877%)
950 291 30.6316 22 161 357 161(-54.902%)
977 312 31.9345 29 209 402 209(-48.01%)
939 300 31.9489 28 205 380 205(-46.0526%)
949 293 30.8746 29 208 371 208(-43.9353%)
946 300 31.7125 27 196 374 196(-47.5936%)
985 334 33.9086 42 301 435 301(-30.8046%)
1004 325 32.3705 38 270 429 270(-37.0629%)
1019 336 32.9735 41 295 449 295(-34.2984%)
954 319 33.4382 46 323 448 323(-27.9018%)
901 305 33.8513 40 296 410 296(-27.8049%)
973 298 30.6269 45 315 430 315(-26.7442%)
907 297 32.7453 50 369 449 369(-17.8174%)
1004 337 33.5657 63 449 529 449(-15.1229%)
929 302 32.5081 47 338 457 338(-26.0394%)
