968 7 0.72314 0 0 5 0(-100%)
939 22 2.34292 0 0 22 0(-100%)
923 33 3.5753 0 0 30 0(-100%)
920 48 5.21739 0 0 47 0(-100%)
959 55 5.73514 0 0 54 0(-100%)
953 64 6.71563 0 0 63 0(-100%)
941 70 7.43889 0 0 67 0(-100%)
943 60 6.36267 0 0 60 0(-100%)
922 72 7.80911 0 0 71 0(-100%)
932 91 9.76395 0 0 89 0(-100%)
952 108 11.3445 0 0 107 0(-100%)
950 117 12.3158 0 0 117 0(-100%)
933 117 12.5402 0 0 116 0(-100%)
1018 144 14.1454 2 14 146 14(-90.411%)
910 135 14.8352 0 0 134 0(-100%)
907 158 17.4201 0 0 156 0(-100%)
972 150 15.4321 0 0 150 0(-100%)
984 186 18.9024 0 0 185 0(-100%)
994 196 19.7183 1 9 197 9(-95.4315%)
908 198 21.8062 1 7 201 7(-96.5174%)
980 207 21.1224 2 15 209 15(-92.823%)
972 219 22.5309 5 35 229 35(-84.7162%)
924 213 23.0519 1 7 217 7(-96.7742%)
969 218 22.4974 2 14 218 14(-93.578%)
1007 223 22.145 0 0 223 0(-100%)
975 253 25.9487 9 71 266 71(-73.3083%)
968 244 25.2066 8 56 268 56(-79.1045%)
961 241 25.078 5 35 256 35(-86.3281%)
968 251 25.9298 8 56 277 56(-79.7834%)
960 241 25.1042 9 63 259 63(-75.6757%)
1000 277 27.7 8 57 291 57(-80.4124%)
913 262 28.6966 6 44 277 44(-84.1155%)
984 310 31.5041 18 126 349 126(-63.8968%)
1021 310 30.3624 17 126 342 126(-63.1579%)
939 282 30.0319 17 119 332 119(-64.1566%)
926 281 30.3456 19 135 344 135(-60.7558%)
953 293 30.745 24 164 358 164(-54.1899%)
910 278 30.5495 26 190 341 190(-44.2815%)
951 287 30.1788 21 151 347 151(-56.4841%)
892 278 31.1659 33 245 368 245(-33.4239%)
881 288 32.6901 21 157 345 157(-54.4928%)
978 318 32.5153 28 208 388 208(-46.3918%)
959 311 32.4296 29 204 393 204(-48.0916%)
940 294 31.2766 38 279 413 279(-32.4455%)
969 313 32.3013 47 330 446 330(-26.009%)
1012 340 33.5968 46 326 470 326(-30.6383%)
1005 308 30.6468 57 405 492 405(-17.6829%)
981 329 33.5372 53 390 485 390(-19.5876%)
916 305 33.2969 48 352 447 352(-21.2528%)
991 330 33.2997 58 414 507 414(-18.3432%)
