962 8 0.831601 0 0 6 0(-100%)
963 14 1.45379 0 0 13 0(-100%)
936 35 3.73932 0 0 34 0(-100%)
910 40 4.3956 0 0 40 0(-100%)
932 37 3.96996 0 0 37 0(-100%)
944 45 4.76695 0 0 43 0(-100%)
934 78 8.35118 0 0 76 0(-100%)
910 84 9.23077 0 0 79 0(-100%)
946 81 8.56237 0 0 81 0(-100%)
960 89 9.27083 0 0 88 0(-100%)
943 114 12.0891 0 0 112 0(-100%)
890 112 12.5843 0 0 111 0(-100%)
920 118 12.8261 0 0 116 0(-100%)
981 133 13.5576 2 14 139 14(-89.9281%)
922 138 14.9675 0 0 136 0(-100%)
944 129 13.6653 0 0 126 0(-100%)
951 157 16.5089 1 7 161 7(-95.6522%)
962 167 17.3597 0 0 166 0(-100%)
942 171 18.1529 4 28 175 28(-84%)
906 188 20.7506 4 29 195 29(-85.1282%)
938 196 20.8955 3 21 201 21(-89.5522%)
923 173 18.7432 6 42 189 42(-77.7778%)
996 239 23.996 3 23 243 23(-90.535%)
922 214 23.2104 1 9 213 9(-95.7746%)
943 221 23.4358 4 28 232 28(-87.931%)
942 225 23.8854 4 28 234 28(-88.0342%)
890 224 25.1685 7 49 244 49(-79.918%)
935 262 28.0214 8 58 277 58(-79.0614%)
969 245 25.2838 16 112 279 112(-59.8566%)
970 272 28.0412 15 113 302 113(-62.5828%)
966 293 30.3313 13 92 323 92(-71.517%)
989 267 26.997 18 128 314 128(-59.2357%)
912 250 27.4123 13 91 277 91(-67.148%)
933 275 29.4748 12 86 302 86(-71.5232%)
908 278 30.6167 15 113 309 113(-63.4304%)
936 282 30.1282 19 141 316 141(-55.3797%)
953 306 32.1091 27 191 378 191(-49.4709%)
907 287 31.6428 22 159 341 159(-53.3724%)
947 307 32.4182 25 179 376 179(-52.3936%)
1054 342 32.4478 26 188 397 188(-52.6448%)
962 298 30.9771 30 213 381 213(-44.0945%)
947 308 32.5238 36 258 392 258(-34.1837%)
1032 345 33.4302 31 224 426 224(-47.4178%)
953 303 31.7943 34 244 407 244(-40.0491%)
959 320 33.3681 46 326 448 326(-27.2321%)
1002 328 32.7345 41 298 445 298(-33.0337%)
954 326 34.1719 47 345 446 345(-22.6457%)
924 296 32.0346 53 393 470 393(-16.383%)
977 328 33.5722 50 355 470 355(-24.4681%)
933 312 33.4405 55 393 482 393(-18.4647%)
