943 15 1.59067 0 0 14 0(-100%)
958 33 3.44468 0 0 31 0(-100%)
962 26 2.7027 0 0 26 0(-100%)
976 52 5.32787 0 0 50 0(-100%)
934 51 5.46039 0 0 49 0(-100%)
939 75 7.98722 0 0 73 0(-100%)
959 69 7.19499 0 0 65 0(-100%)
945 84 8.88889 0 0 81 0(-100%)
908 68 7.48899 0 0 66 0(-100%)
927 103 11.1111 0 0 101 0(-100%)
918 122 13.2898 0 0 120 0(-100%)
956 111 11.6109 0 0 112 0(-100%)
970 131 13.5052 0 0 126 0(-100%)
970 143 14.7423 0 0 143 0(-100%)
933 122 13.0761 0 0 119 0(-100%)
976 156 15.9836 0 0 157 0(-100%)
899 145 16.129 1 7 146 7(-95.2055%)
931 166 17.8303 1 7 167 7(-95.8084%)
979 192 19.6118 1 7 193 7(-96.3731%)
953 211 22.1406 0 0 210 0(-100%)
918 185 20.1525 2 15 190 15(-92.1053%)
983 208 21.1597 0 0 208 0(-100%)
911 198 21.7344 2 14 209 14(-93.3014%)
918 206 22.4401 2 14 208 14(-93.2692%)
979 240 24.5148 4 28 249 28(-88.755%)
920 222 24.1304 5 35 234 35(-85.0427%)
974 262 26.8994 6 43 279 43(-84.5878%)
941 246 26.1424 10 74 270 74(-72.5926%)
970 267 27.5258 9 64 283 64(-77.3852%)
973 260 26.7215 11 80 286 80(-72.028%)
933 255 27.3312 13 96 285 96(-66.3158%)
885 247 27.9096 15 108 277 108(-61.0108%)
935 298 31.8717 12 94 318 94(-70.4403%)
947 287 30.3062 19 141 339 141(-58.4071%)
966 307 31.7805 21 157 341 157(-53.9589%)
923 291 31.5276 19 140 342 140(-59.0643%)
910 281 30.8791 22 153 334 153(-54.1916%)
958 306 31.9415 31 228 376 228(-39.3617%)
991 304 30.6761 31 227 387 227(-41.3437%)
925 294 31.7838 25 178 359 178(-50.4178%)
908 290 31.9383 33 238 373 238(-36.193%)
952 310 32.563 34 245 398 245(-38.4422%)
948 304 32.0675 38 273 414 273(-34.058%)
912 303 33.2237 40 290 406 290(-28.5714%)
960 325 33.8542 44 317 442 317(-28.2805%)
971 325 33.4706 54 384 480 384(-20%)
966 317 32.8157 47 349 446 349(-21.7489%)
980 328 33.4694 44 316 458 316(-31.0044%)
991 339 34.2079 51 377 492 377(-23.374%)
1001 334 33.3666 57 407 503 407(-19.0855%)
