953 12 1.25918 0 0 10 0(-100%)
964 23 2.38589 0 0 22 0(-100%)
944 25 2.64831 0 0 24 0(-100%)
973 54 5.54985 0 0 53 0(-100%)
947 53 5.59662 0 0 51 0(-100%)
1016 68 6.69291 0 0 67 0(-100%)
921 63 6.84039 0 0 62 0(-100%)
895 69 7.7095 0 0 69 0(-100%)
924 86 9.30736 0 0 85 0(-100%)
938 102 10.8742 0 0 102 0(-100%)
947 103 10.8765 0 0 102 0(-100%)
953 116 12.1721 0 0 116 0(-100%)
920 140 15.2174 0 0 138 0(-100%)
962 122 12.6819 0 0 121 0(-100%)
944 131 13.8771 1 9 131 9(-93.1298%)
979 161 16.4454 0 0 161 0(-100%)
953 160 16.7891 1 7 159 7(-95.5975%)
985 168 17.0558 1 7 171 7(-95.9064%)
947 180 19.0074 1 7 181 7(-96.1326%)
967 179 18.5109 0 0 177 0(-100%)
898 180 20.0445 1 7 181 7(-96.1326%)
969 195 20.1238 4 28 199 28(-85.9296%)
948 213 22.4684 1 7 214 7(-96.729%)
924 215 23.2684 4 28 224 28(-87.5%)
914 223 24.3982 5 35 232 35(-84.9138%)
965 249 25.8031 3 21 252 21(-91.6667%)
871 222 25.4879 6 42 237 42(-82.2785%)
939 252 26.8371 10 72 281 72(-74.3772%)
900 232 25.7778 5 38 238 38(-84.0336%)
942 272 28.8747 13 92 303 92(-69.637%)
1003 263 26.2213 18 122 309 122(-60.5178%)
979 283 28.907 11 82 305 82(-73.1148%)
927 274 29.5577 19 139 324 139(-57.0988%)
978 287 29.3456 13 92 313 92(-70.607%)
943 292 30.965 24 179 357 179(-49.8599%)
985 302 30.6599 18 132 339 132(-61.0619%)
973 304 31.2436 19 141 355 141(-60.2817%)
986 319 32.3529 20 148 379 148(-60.9499%)
941 291 30.9245 30 215 380 215(-43.4211%)
888 283 31.8694 28 205 365 205(-43.8356%)
974 315 32.3409 24 164 373 164(-56.0322%)
907 297 32.7453 41 289 416 289(-30.5288%)
996 338 33.9357 36 267 424 267(-37.0283%)
1001 315 31.4685 38 278 427 278(-34.8946%)
981 332 33.843 44 323 440 323(-26.5909%)
878 303 34.5103 40 300 410 300(-26.8293%)
1002 330 32.9341 47 342 470 342(-27.234%)
993 333 33.5347 40 291 439 291(-33.713%)
995 325 32.6633 56 400 503 400(-20.4771%)
939 314 33.4398 49 353 458 353(-22.9258%)
