951 13 1.36698 0 0 12 0(-100%)
886 18 2.0316 0 0 18 0(-100%)
929 31 3.33692 0 0 30 0(-100%)
980 37 3.77551 0 0 37 0(-100%)
914 45 4.92341 0 0 45 0(-100%)
981 72 7.33945 0 0 69 0(-100%)
991 71 7.16448 0 0 69 0(-100%)
861 71 8.24623 0 0 70 0(-100%)
946 94 9.93658 0 0 94 0(-100%)
933 101 10.8253 0 0 101 0(-100%)
930 108 11.6129 0 0 107 0(-100%)
903 115 12.7353 0 0 114 0(-100%)
1034 131 12.6692 0 0 130 0(-100%)
990 163 16.4646 0 0 161 0(-100%)
895 125 13.9665 0 0 124 0(-100%)
956 146 15.272 0 0 144 0(-100%)
931 157 16.8636 1 8 158 8(-94.9367%)
973 185 19.0134 0 0 182 0(-100%)
977 195 19.9591 3 23 203 23(-88.67%)
907 169 18.6329 1 7 168 7(-95.8333%)
995 188 18.8945 0 0 185 0(-100%)
952 221 23.2143 6 44 232 44(-81.0345%)
906 218 24.0618 1 8 218 8(-96.3303%)
997 202 20.2608 1 7 203 7(-96.5517%)
963 227 23.5722 7 50 249 50(-79.9197%)
932 233 25 6 42 241 42(-82.5726%)
979 239 24.4127 7 50 252 50(-80.1587%)
941 239 25.3985 11 81 259 81(-68.7259%)
935 254 27.1658 9 69 277 69(-75.0903%)
905 259 28.6188 9 64 278 64(-76.9784%)
904 259 28.6504 5 35 270 35(-87.037%)
1001 315 31.4685 17 128 353 128(-63.7394%)
987 284 28.7741 16 117 321 117(-63.5514%)
967 273 28.2316 12 84 308 84(-72.7273%)
957 308 32.1839 24 176 365 176(-51.7808%)
923 267 28.9274 22 154 330 154(-53.3333%)
884 253 28.6199 21 148 309 148(-52.1036%)
948 292 30.8017 32 234 393 234(-40.458%)
921 300 32.5733 26 186 355 186(-47.6056%)
945 297 31.4286 33 233 392 233(-40.5612%)
926 283 30.5616 30 215 372 215(-42.2043%)
947 299 31.5734 31 224 395 224(-43.2911%)
960 322 33.5417 38 272 421 272(-35.3919%)
955 317 33.1937 30 220 385 220(-42.8571%)
969 311 32.0949 50 361 448 361(-19.4196%)
924 299 32.3593 43 310 428 310(-27.5701%)
983 334 33.9776 51 371 470 371(-21.0638%)
1000 341 34.1 54 395 498 395(-20.6827%)
961 334 34.7555 43 305 446 305(-31.6143%)
976 324 33.1967 47 335 465 335(-27.957%)
