935 6 0.641711 0 0 5 0(-100%)
975 16 1.64103 0 0 15 0(-100%)
969 31 3.19917 0 0 28 0(-100%)
942 42 4.4586 0 0 42 0(-100%)
973 54 5.54985 0 0 54 0(-100%)
951 49 5.15247 0 0 49 0(-100%)
986 72 7.30223 0 0 71 0(-100%)
964 84 8.71369 0 0 84 0(-100%)
982 90 9.16497 0 0 90 0(-100%)
984 110 11.1789 0 0 110 0(-100%)
971 101 10.4016 0 0 99 0(-100%)
964 105 10.8921 1 7 106 7(-93.3962%)
937 151 16.1153 1 7 152 7(-95.3947%)
923 109 11.8093 0 0 108 0(-100%)
950 143 15.0526 0 0 142 0(-100%)
927 138 14.8867 0 0 137 0(-100%)
900 149 16.5556 1 7 150 7(-95.3333%)
926 174 18.7905 1 7 175 7(-96%)
913 185 20.2629 3 21 187 21(-88.7701%)
907 173 19.0739 0 0 172 0(-100%)
967 190 19.6484 2 14 194 14(-92.7835%)
964 192 19.917 3 21 197 21(-89.3401%)
914 204 22.3195 3 21 209 21(-89.9522%)
1024 222 21.6797 3 22 235 22(-90.6383%)
983 225 22.8891 8 58 244 58(-76.2295%)
910 220 24.1758 5 36 231 36(-84.4156%)
957 241 25.1829 10 73 259 73(-71.8147%)
939 243 25.8786 10 71 269 71(-73.6059%)
930 245 26.3441 13 92 281 92(-67.2598%)
916 233 25.4367 8 57 253 57(-77.4704%)
974 273 28.0287 13 93 300 93(-69%)
914 264 28.884 13 94 303 94(-68.9769%)
926 272 29.3737 17 124 311 124(-60.1286%)
881 265 30.0795 17 123 300 123(-59%)
958 282 29.4363 15 111 316 111(-64.8734%)
950 296 31.1579 33 238 377 238(-36.87%)
1018 342 33.5953 23 172 396 172(-56.5657%)
950 303 31.8947 24 171 367 171(-53.406%)
966 296 30.6418 27 195 366 195(-46.7213%)
913 286 31.3253 29 211 373 211(-43.4316%)
942 302 32.0594 37 262 397 262(-34.005%)
895 284 31.7318 31 226 385 226(-41.2987%)
911 297 32.6015 41 298 412 298(-27.6699%)
935 311 33.262 39 275 429 275(-35.8974%)
945 305 32.2751 47 344 447 344(-23.0425%)
922 311 33.731 39 286 413 286(-30.7506%)
945 295 31.2169 44 315 437 315(-27.9176%)
943 330 34.9947 52 370 458 370(-19.214%)
995 312 31.3568 56 401 499 401(-19.6393%)
995 325 32.6633 58 411 518 411(-20.6564%)
