907 7 0.771775 0 0 6 0(-100%)
961 23 2.39334 0 0 21 0(-100%)
981 36 3.66972 0 0 35 0(-100%)
962 47 4.88565 0 0 47 0(-100%)
919 56 6.09358 0 0 55 0(-100%)
985 63 6.39594 0 0 62 0(-100%)
960 70 7.29167 0 0 70 0(-100%)
937 56 5.97652 0 0 57 0(-100%)
890 85 9.55056 0 0 84 0(-100%)
960 79 8.22917 0 0 79 0(-100%)
986 122 12.3732 0 0 121 0(-100%)
979 122 12.4617 0 0 121 0(-100%)
952 106 11.1345 0 0 104 0(-100%)
953 121 12.6967 0 0 121 0(-100%)
980 142 14.4898 0 0 140 0(-100%)
915 140 15.3005 1 7 140 7(-95%)
896 158 17.6339 0 0 154 0(-100%)
923 177 19.1766 1 7 180 7(-96.1111%)
944 183 19.3856 1 7 183 7(-96.1749%)
956 189 19.7699 3 22 194 22(-88.6598%)
966 202 20.911 3 21 211 21(-90.0474%)
935 222 23.7433 6 45 234 45(-80.7692%)
956 219 22.9079 1 7 220 7(-96.8182%)
951 222 23.3438 7 49 233 49(-78.97%)
962 230 23.9085 6 37 237 37(-84.3882%)
951 219 23.0284 5 35 230 35(-84.7826%)
964 255 26.4523 6 42 275 42(-84.7273%)
939 262 27.902 11 79 287 79(-72.4739%)
957 258 26.9592 3 21 260 21(-91.9231%)
978 278 28.4254 15 115 304 115(-62.1711%)
979 274 27.9877 12 89 305 89(-70.8197%)
1004 288 28.6853 9 70 300 70(-76.6667%)
952 269 28.2563 18 129 320 129(-59.6875%)
932 265 28.4335 17 123 316 123(-61.0759%)
953 286 30.0105 23 173 345 173(-49.8551%)
982 318 32.3829 20 149 364 149(-59.0659%)
968 295 30.4752 17 121 334 121(-63.7725%)
982 301 30.6517 24 177 370 177(-52.1622%)
977 298 30.5015 29 208 370 208(-43.7838%)
1029 340 33.0418 35 250 429 250(-41.7249%)
977 314 32.1392 26 188 364 188(-48.3516%)
911 275 30.1866 33 233 370 233(-37.027%)
903 292 32.3367 34 244 386 244(-36.7876%)
964 304 31.5353 33 236 397 236(-40.5542%)
951 305 32.0715 35 256 408 256(-37.2549%)
956 303 31.6946 37 270 426 270(-36.6197%)
917 290 31.6249 49 349 443 349(-21.219%)
951 324 34.0694 42 310 443 310(-30.0226%)
952 318 33.4034 52 381 477 381(-20.1258%)
965 303 31.399 52 373 464 373(-19.6121%)
