942 11 1.16773 0 0 10 0(-100%)
946 14 1.47992 0 0 14 0(-100%)
935 43 4.59893 0 0 40 0(-100%)
954 39 4.08805 0 0 39 0(-100%)
909 55 6.05061 0 0 52 0(-100%)
931 60 6.44468 0 0 58 0(-100%)
913 73 7.99562 0 0 72 0(-100%)
947 78 8.23654 0 0 76 0(-100%)
950 83 8.73684 0 0 81 0(-100%)
971 102 10.5046 0 0 99 0(-100%)
962 97 10.0832 0 0 97 0(-100%)
951 117 12.3028 0 0 116 0(-100%)
966 118 12.2153 0 0 116 0(-100%)
949 145 15.2792 0 0 145 0(-100%)
945 136 14.3915 0 0 136 0(-100%)
879 132 15.0171 0 0 131 0(-100%)
958 158 16.4927 1 9 158 9(-94.3038%)
965 177 18.342 2 14 180 14(-92.2222%)
918 163 17.756 1 7 164 7(-95.7317%)
962 172 17.8794 0 0 172 0(-100%)
904 188 20.7965 0 0 188 0(-100%)
933 207 22.1865 2 14 213 14(-93.4272%)
976 225 23.0533 3 21 232 21(-90.9483%)
936 189 20.1923 3 21 196 21(-89.2857%)
966 226 23.3954 9 68 244 68(-72.1311%)
928 240 25.8621 3 21 248 21(-91.5323%)
955 237 24.8168 5 38 251 38(-84.8606%)
974 260 26.694 12 84 286 84(-70.6294%)
942 266 28.2378 11 84 288 84(-70.8333%)
1021 274 26.8364 7 49 293 49(-83.2765%)
922 241 26.1388 12 84 278 84(-69.7842%)
948 248 26.1603 16 112 287 112(-60.9756%)
949 273 28.7671 12 90 300 90(-70%)
898 232 25.8352 11 78 265 78(-70.566%)
929 284 30.5705 13 97 312 97(-68.9103%)
930 278 29.8925 18 126 341 126(-63.0499%)
960 296 30.8333 24 174 363 174(-52.0661%)
909 297 32.6733 23 164 347 164(-52.7378%)
967 326 33.7125 31 221 401 221(-44.8878%)
1022 321 31.409 23 172 382 172(-54.9738%)
1025 337 32.878 30 214 413 214(-48.184%)
910 293 32.1978 32 236 377 236(-37.4005%)
982 339 34.5214 30 227 403 227(-43.6725%)
949 338 35.6164 37 273 415 273(-34.2169%)
993 351 35.3474 43 318 443 318(-28.2167%)
934 309 33.0835 47 334 439 334(-23.918%)
967 316 32.6784 50 360 474 360(-24.0506%)
1024 364 35.5469 52 382 485 382(-21.2371%)
930 322 34.6237 47 338 454 338(-25.5507%)
926 315 34.0173 48 358 464 358(-22.8448%)
