954 6 0.628931 0 0 6 0(-100%)
911 25 2.74424 0 0 23 0(-100%)
939 23 2.44941 0 0 22 0(-100%)
964 43 4.46058 0 0 42 0(-100%)
948 53 5.59072 0 0 53 0(-100%)
915 65 7.10383 0 0 63 0(-100%)
1005 76 7.56219 0 0 73 0(-100%)
1025 95 9.26829 0 0 92 0(-100%)
936 93 9.9359 0 0 93 0(-100%)
934 112 11.9914 0 0 108 0(-100%)
976 103 10.5533 0 0 102 0(-100%)
983 123 12.5127 0 0 120 0(-100%)
903 111 12.2924 0 0 110 0(-100%)
947 137 14.4667 1 7 136 7(-94.8529%)
975 140 14.359 0 0 139 0(-100%)
982 163 16.5988 2 14 167 14(-91.6168%)
985 170 17.2589 0 0 170 0(-100%)
958 182 18.9979 0 0 180 0(-100%)
945 179 18.9418 0 0 178 0(-100%)
940 189 20.1064 3 23 197 23(-88.3249%)
892 171 19.1704 0 0 170 0(-100%)
947 206 21.7529 2 14 214 14(-93.4579%)
958 189 19.7286 3 21 198 21(-89.3939%)
993 219 22.0544 5 36 236 36(-84.7458%)
930 219 23.5484 6 43 235 43(-81.7021%)
919 228 24.8096 5 35 242 35(-85.5372%)
1003 256 25.5234 9 64 273 64(-76.5568%)
929 227 24.4349 12 84 261 84(-67.8161%)
927 238 25.6742 10 74 263 74(-71.8631%)
992 279 28.125 15 109 309 109(-64.7249%)
936 262 27.9915 13 93 289 93(-67.8201%)
888 246 27.7027 14 98 284 98(-65.493%)
905 263 29.0608 16 113 315 113(-64.127%)
933 274 29.3676 17 126 318 126(-60.3774%)
981 286 29.1539 25 177 356 177(-50.2809%)
933 280 30.0107 23 170 339 170(-49.8525%)
920 300 32.6087 15 113 325 113(-65.2308%)
935 301 32.1925 32 224 386 224(-41.9689%)
989 315 31.8504 23 167 371 167(-54.9865%)
959 312 32.5339 30 216 391 216(-44.757%)
936 327 34.9359 38 284 416 284(-31.7308%)
1013 335 33.0701 33 243 415 243(-41.4458%)
1004 345 34.3625 37 274 419 274(-34.6062%)
940 290 30.8511 32 241 394 241(-38.8325%)
906 279 30.7947 44 315 423 315(-25.5319%)
970 311 32.0619 47 340 454 340(-25.1101%)
969 306 31.5789 50 350 462 350(-24.2424%)
910 277 30.4396 45 319 434 319(-26.4977%)
929 298 32.0775 56 401 481 401(-16.632%)
959 312 32.5339 56 401 494 401(-18.8259%)
