983 10 1.01729 0 0 9 0(-100%)
909 23 2.53025 0 0 20 0(-100%)
925 24 2.59459 0 0 23 0(-100%)
1002 54 5.38922 0 0 53 0(-100%)
968 62 6.40496 0 0 60 0(-100%)
936 52 5.55556 0 0 52 0(-100%)
947 62 6.54699 0 0 62 0(-100%)
967 79 8.1696 0 0 77 0(-100%)
972 71 7.30453 0 0 70 0(-100%)
955 109 11.4136 0 0 109 0(-100%)
975 112 11.4872 0 0 111 0(-100%)
959 117 12.2002 2 15 117 15(-87.1795%)
969 117 12.0743 0 0 115 0(-100%)
944 113 11.9703 0 0 112 0(-100%)
1010 152 15.0495 0 0 152 0(-100%)
965 154 15.9585 0 0 153 0(-100%)
1012 167 16.502 1 7 167 7(-95.8084%)
924 169 18.29 2 14 172 14(-91.8605%)
962 194 20.1663 3 21 202 21(-89.604%)
895 191 21.3408 7 51 201 51(-74.6269%)
947 215 22.7033 2 14 221 14(-93.6652%)
964 213 22.0954 7 49 234 49(-79.0598%)
939 197 20.9798 2 14 201 14(-93.0348%)
962 225 23.3888 2 17 226 17(-92.4779%)
899 216 24.0267 7 49 236 49(-79.2373%)
992 257 25.9073 6 42 270 42(-84.4444%)
973 221 22.7133 6 42 241 42(-82.5726%)
1020 259 25.3922 13 97 292 97(-66.7808%)
988 253 25.6073 7 55 266 55(-79.3233%)
869 246 28.3084 11 80 268 80(-70.1493%)
960 298 31.0417 13 98 325 98(-69.8462%)
883 256 28.9921 11 89 276 89(-67.7536%)
957 255 26.6458 19 145 315 145(-53.9683%)
940 270 28.7234 10 73 297 73(-75.4209%)
955 294 30.7853 23 174 348 174(-50%)
968 307 31.7149 20 151 358 151(-57.8212%)
973 291 29.9075 26 186 358 186(-48.0447%)
931 293 31.4715 25 179 342 179(-47.6608%)
984 311 31.6057 28 201 382 201(-47.3822%)
889 306 34.4207 28 211 372 211(-43.2796%)
932 301 32.2961 31 232 378 232(-38.6243%)
1002 324 32.3353 37 269 438 269(-38.5845%)
930 301 32.3656 33 236 396 236(-40.404%)
958 303 31.6284 33 233 396 233(-41.1616%)
955 307 32.1466 39 283 432 283(-34.4907%)
928 316 34.0517 46 330 437 330(-24.4851%)
996 335 33.6345 46 325 466 325(-30.2575%)
999 339 33.9339 45 328 470 328(-30.2128%)
900 281 31.2222 57 406 472 406(-13.9831%)
964 322 33.4025 51 369 487 369(-24.23%)
