923 11 1.19177 0 0 11 0(-100%)
945 11 1.16402 0 0 10 0(-100%)
932 29 3.11159 0 0 28 0(-100%)
929 32 3.44456 0 0 31 0(-100%)
1003 51 5.08475 0 0 51 0(-100%)
970 53 5.46392 0 0 53 0(-100%)
987 73 7.39615 0 0 73 0(-100%)
1002 77 7.68463 0 0 77 0(-100%)
935 71 7.59358 0 0 71 0(-100%)
919 93 10.1197 0 0 93 0(-100%)
898 91 10.1336 0 0 91 0(-100%)
904 110 12.1681 0 0 110 0(-100%)
996 129 12.9518 1 7 131 7(-94.6565%)
947 140 14.7835 1 7 142 7(-95.0704%)
917 112 12.2137 0 0 111 0(-100%)
963 144 14.9533 0 0 144 0(-100%)
912 158 17.3246 1 7 159 7(-95.5975%)
893 148 16.5733 0 0 147 0(-100%)
945 170 17.9894 1 7 171 7(-95.9064%)
936 185 19.765 1 7 187 7(-96.2567%)
956 184 19.2469 1 8 185 8(-95.6757%)
953 193 20.2518 4 28 204 28(-86.2745%)
936 188 20.0855 2 14 190 14(-92.6316%)
988 225 22.7733 4 28 234 28(-88.0342%)
921 197 21.3898 9 63 225 63(-72%)
981 246 25.0765 7 50 255 50(-80.3922%)
1019 274 26.8891 13 97 300 97(-67.6667%)
929 253 27.2336 6 42 263 42(-84.0304%)
1003 280 27.9163 8 64 294 64(-78.2313%)
931 273 29.3233 9 78 291 78(-73.1959%)
983 256 26.0427 11 78 288 78(-72.9167%)
969 273 28.1734 9 66 294 66(-77.551%)
954 265 27.7778 14 99 304 99(-67.4342%)
939 276 29.393 16 116 312 116(-62.8205%)
954 286 29.979 24 170 347 170(-51.0086%)
962 289 30.0416 17 127 322 127(-60.559%)
966 294 30.4348 21 153 350 153(-56.2857%)
939 293 31.2034 31 219 370 219(-40.8108%)
970 324 33.4021 32 226 385 226(-41.2987%)
966 334 34.5756 31 225 393 225(-42.7481%)
958 286 29.8539 32 225 382 225(-41.0995%)
972 319 32.8189 35 260 395 260(-34.1772%)
884 303 34.276 30 222 377 222(-41.1141%)
969 329 33.9525 36 261 419 261(-37.7088%)
911 315 34.5774 36 261 395 261(-33.9241%)
902 304 33.7029 49 356 441 356(-19.2744%)
932 322 34.5494 37 268 417 268(-35.7314%)
990 328 33.1313 48 351 464 351(-24.3534%)
898 301 33.5189 48 343 430 343(-20.2326%)
989 323 32.6593 51 371 485 371(-23.5052%)
