934 12 1.2848 0 0 11 0(-100%)
953 23 2.41343 0 0 23 0(-100%)
949 24 2.52898 0 0 24 0(-100%)
954 34 3.56394 0 0 34 0(-100%)
967 50 5.17063 0 0 48 0(-100%)
1014 76 7.49507 0 0 71 0(-100%)
964 72 7.46888 0 0 71 0(-100%)
955 95 9.94764 0 0 95 0(-100%)
941 93 9.8831 0 0 93 0(-100%)
957 99 10.3448 0 0 98 0(-100%)
965 103 10.6736 0 0 102 0(-100%)
922 114 12.3644 0 0 114 0(-100%)
979 122 12.4617 0 0 121 0(-100%)
996 130 13.0522 0 0 128 0(-100%)
951 157 16.5089 0 0 155 0(-100%)
978 165 16.8712 0 0 165 0(-100%)
962 170 17.6715 2 14 173 14(-91.9075%)
961 175 18.2102 2 14 181 14(-92.2652%)
953 161 16.894 0 0 161 0(-100%)
959 203 21.1679 3 22 205 22(-89.2683%)
913 205 22.4535 6 48 217 48(-77.8802%)
950 206 21.6842 4 33 211 33(-84.3602%)
926 225 24.2981 7 53 240 53(-77.9167%)
932 224 24.0343 2 14 228 14(-93.8596%)
920 242 26.3043 6 46 251 46(-81.6733%)
950 239 25.1579 8 57 253 57(-77.4704%)
954 250 26.2055 9 65 277 65(-76.5343%)
969 253 26.1094 6 42 271 42(-84.5018%)
934 265 28.3726 11 78 284 78(-72.5352%)
989 261 26.3903 11 79 284 79(-72.1831%)
924 254 27.4892 11 79 279 79(-71.6846%)
939 265 28.2215 12 85 302 85(-71.8543%)
891 252 28.2828 16 117 292 117(-59.9315%)
933 272 29.1533 16 113 315 113(-64.127%)
911 271 29.7475 17 128 302 128(-57.6159%)
911 297 32.6015 27 199 353 199(-43.6261%)
920 293 31.8478 24 175 359 175(-51.2535%)
980 314 32.0408 27 193 371 193(-47.9784%)
928 285 30.7112 25 184 343 184(-46.3557%)
939 303 32.2684 28 199 376 199(-47.0745%)
1018 324 31.8271 32 225 408 225(-44.8529%)
948 310 32.7004 34 245 403 245(-39.206%)
927 306 33.0097 39 288 403 288(-28.536%)
964 321 33.2988 32 231 409 231(-43.5208%)
948 332 35.0211 40 296 439 296(-32.574%)
939 304 32.3749 44 322 441 322(-26.9841%)
953 324 33.9979 47 343 440 343(-22.0455%)
953 331 34.7324 53 376 474 376(-20.6751%)
898 292 32.5167 48 350 447 350(-21.7002%)
976 309 31.6598 55 391 491 391(-20.3666%)
