929 16 1.72228 0 0 13 0(-100%)
954 20 2.09644 0 0 16 0(-100%)
1015 25 2.46305 0 0 25 0(-100%)
962 33 3.43035 0 0 33 0(-100%)
1007 51 5.06455 0 0 51 0(-100%)
937 56 5.97652 0 0 56 0(-100%)
900 64 7.11111 0 0 63 0(-100%)
920 66 7.17391 0 0 64 0(-100%)
877 83 9.46408 0 0 83 0(-100%)
970 92 9.48454 0 0 90 0(-100%)
987 106 10.7396 0 0 106 0(-100%)
980 115 11.7347 0 0 114 0(-100%)
920 122 13.2609 1 7 123 7(-94.3089%)
926 115 12.419 0 0 114 0(-100%)
951 131 13.775 1 7 132 7(-94.697%)
936 146 15.5983 0 0 145 0(-100%)
939 156 16.6134 0 0 156 0(-100%)
939 194 20.6603 2 14 197 14(-92.8934%)
953 177 18.5729 0 0 175 0(-100%)
999 198 19.8198 1 7 198 7(-96.4646%)
989 213 21.5369 1 7 213 7(-96.7136%)
911 198 21.7344 1 7 203 7(-96.5517%)
976 217 22.2336 5 38 223 38(-82.9596%)
966 210 21.7391 5 35 223 35(-84.3049%)
943 234 24.8144 6 45 246 45(-81.7073%)
1004 229 22.8088 3 21 242 21(-91.3223%)
1007 266 26.4151 8 63 280 63(-77.5%)
942 238 25.2654 8 57 261 57(-78.1609%)
919 246 26.7682 8 61 262 61(-76.7176%)
920 237 25.7609 15 105 282 105(-62.766%)
927 260 28.0475 12 93 281 93(-66.9039%)
979 277 28.2942 21 153 325 153(-52.9231%)
958 284 29.6451 17 120 322 120(-62.7329%)
933 276 29.582 13 96 321 96(-70.0935%)
946 285 30.1268 16 113 333 113(-66.0661%)
957 294 30.721 19 138 340 138(-59.4118%)
989 320 32.3559 30 211 396 211(-46.7172%)
917 286 31.1887 28 199 364 199(-45.3297%)
976 292 29.918 25 176 362 176(-51.3812%)
914 283 30.9628 30 215 385 215(-44.1558%)
914 310 33.9168 27 195 372 195(-47.5806%)
1010 327 32.3762 38 272 426 272(-36.1502%)
930 308 33.1183 32 234 389 234(-39.8458%)
988 320 32.3887 36 258 426 258(-39.4366%)
962 308 32.0166 42 300 450 300(-33.3333%)
987 334 33.8399 42 305 445 305(-31.4607%)
961 330 34.3392 44 313 439 313(-28.7016%)
980 320 32.6531 51 361 470 361(-23.1915%)
956 297 31.0669 56 398 470 398(-15.3191%)
954 337 35.3249 52 379 475 379(-20.2105%)
