949 13 1.36986 0 0 11 0(-100%)
993 14 1.40987 0 0 14 0(-100%)
896 28 3.125 0 0 27 0(-100%)
927 45 4.85437 0 0 42 0(-100%)
988 50 5.06073 0 0 49 0(-100%)
942 53 5.62633 0 0 53 0(-100%)
1007 64 6.35551 0 0 62 0(-100%)
922 68 7.37527 0 0 67 0(-100%)
898 82 9.1314 0 0 81 0(-100%)
975 85 8.71795 0 0 82 0(-100%)
970 108 11.134 0 0 107 0(-100%)
955 120 12.5654 0 0 120 0(-100%)
947 118 12.4604 0 0 118 0(-100%)
984 141 14.3293 1 7 139 7(-94.964%)
891 139 15.6004 1 7 141 7(-95.0355%)
930 147 15.8065 0 0 144 0(-100%)
992 160 16.129 1 7 160 7(-95.625%)
946 184 19.4503 0 0 184 0(-100%)
915 164 17.9235 1 7 167 7(-95.8084%)
960 208 21.6667 1 7 211 7(-96.6825%)
943 184 19.5122 2 14 192 14(-92.7083%)
968 199 20.5579 2 14 205 14(-93.1707%)
940 215 22.8723 2 14 217 14(-93.5484%)
957 231 24.1379 5 36 240 36(-85%)
970 235 24.2268 6 42 250 42(-83.2%)
945 229 24.2328 3 21 236 21(-91.1017%)
999 260 26.026 8 56 277 56(-79.7834%)
950 248 26.1053 10 74 262 74(-71.7557%)
984 253 25.7114 12 86 281 86(-69.395%)
944 268 28.3898 7 51 278 51(-81.6547%)
984 256 26.0163 12 84 285 84(-70.5263%)
973 266 27.3381 8 57 292 57(-80.4795%)
990 283 28.5859 17 123 325 123(-62.1538%)
915 284 31.0383 13 97 310 97(-68.7097%)
934 273 29.2291 12 85 308 85(-72.4026%)
959 294 30.6569 22 161 346 161(-53.4682%)
903 286 31.6722 24 177 340 177(-47.9412%)
972 309 31.7901 23 163 373 163(-56.3003%)
925 302 32.6486 26 187 368 187(-49.1848%)
944 304 32.2034 30 217 376 217(-42.2872%)
950 311 32.7368 28 199 383 199(-48.0418%)
947 301 31.7846 40 288 417 288(-30.9353%)
971 304 31.3079 34 245 408 245(-39.951%)
923 296 32.0693 48 337 442 337(-23.7557%)
940 302 32.1277 41 292 409 292(-28.6064%)
955 316 33.089 50 357 460 357(-22.3913%)
924 307 33.2251 43 307 424 307(-27.5943%)
942 325 34.5011 48 351 466 351(-24.6781%)
922 321 34.8156 47 339 447 339(-24.1611%)
957 314 32.8109 56 399 488 399(-18.2377%)
