1015 19 1.87192 0 0 9 0(-100%)
930 24 2.58065 0 0 19 0(-100%)
938 23 2.45203 0 0 20 0(-100%)
959 43 4.48384 0 0 40 0(-100%)
1013 48 4.7384 0 0 43 0(-100%)
939 50 5.32481 0 0 48 0(-100%)
928 65 7.00431 0 0 61 0(-100%)
965 75 7.77202 0 0 75 0(-100%)
1008 90 8.92857 0 0 87 0(-100%)
925 86 9.2973 0 0 82 0(-100%)
1010 99 9.80198 0 0 96 0(-100%)
956 106 11.0879 0 0 100 0(-100%)
974 140 14.3737 0 0 132 0(-100%)
928 130 14.0086 1 7 128 7(-94.5312%)
942 142 15.0743 0 0 139 0(-100%)
986 186 18.8641 2 14 187 14(-92.5134%)
938 157 16.7377 1 7 156 7(-95.5128%)
982 160 16.2933 0 0 155 0(-100%)
959 201 20.9593 2 14 202 14(-93.0693%)
1032 203 19.6705 3 21 208 21(-89.9038%)
1025 208 20.2927 3 21 206 21(-89.8058%)
927 189 20.3883 1 7 188 7(-96.2766%)
966 215 22.2567 5 37 228 37(-83.7719%)
944 234 24.7881 8 57 249 57(-77.1084%)
987 251 25.4306 5 37 256 37(-85.5469%)
980 239 24.3878 5 35 242 35(-85.5372%)
938 211 22.4947 5 36 221 36(-83.7104%)
949 252 26.5543 5 37 259 37(-85.7143%)
960 240 25 8 64 260 64(-75.3846%)
950 261 27.4737 15 107 286 107(-62.5874%)
976 296 30.3279 15 101 314 101(-67.8344%)
996 288 28.9157 18 130 332 130(-60.8434%)
950 273 28.7368 13 97 295 97(-67.1186%)
984 292 29.6748 11 80 314 80(-74.5223%)
955 290 30.3665 21 147 339 147(-56.6372%)
964 303 31.4315 20 142 352 142(-59.6591%)
917 278 30.3162 25 179 346 179(-48.2659%)
931 294 31.5789 23 164 347 164(-52.7378%)
952 307 32.2479 23 165 374 165(-55.8824%)
937 289 30.8431 32 236 377 236(-37.4005%)
975 322 33.0256 35 256 403 256(-36.4764%)
940 311 33.0851 41 294 429 294(-31.4685%)
907 296 32.6351 32 238 383 238(-37.859%)
950 324 34.1053 38 283 419 283(-32.4582%)
905 306 33.8122 40 294 405 294(-27.4074%)
940 319 33.9362 39 281 429 281(-34.4988%)
908 312 34.3612 50 351 440 351(-20.2273%)
954 325 34.0671 45 327 450 327(-27.3333%)
927 302 32.5782 56 399 490 399(-18.5714%)
972 325 33.4362 54 388 491 388(-20.9776%)
