964 9 0.93361 0 0 8 0(-100%)
977 22 2.25179 0 0 15 0(-100%)
938 28 2.98507 0 0 21 0(-100%)
977 51 5.22006 0 0 45 0(-100%)
997 50 5.01505 0 0 43 0(-100%)
957 68 7.10554 0 0 63 0(-100%)
1014 79 7.79093 0 0 73 0(-100%)
957 79 8.25496 0 0 76 0(-100%)
991 91 9.18264 0 0 86 0(-100%)
960 108 11.25 0 0 102 0(-100%)
980 117 11.9388 0 0 109 0(-100%)
911 118 12.9528 0 0 117 0(-100%)
977 120 12.2825 0 0 118 0(-100%)
984 138 14.0244 0 0 134 0(-100%)
908 151 16.63 1 7 148 7(-95.2703%)
993 151 15.2064 0 0 147 0(-100%)
942 161 17.0913 0 0 157 0(-100%)
921 186 20.1954 2 15 182 15(-91.7582%)
967 188 19.4416 0 0 185 0(-100%)
959 179 18.6653 1 7 178 7(-96.0674%)
914 199 21.7724 4 28 204 28(-86.2745%)
979 216 22.0633 2 14 219 14(-93.6073%)
899 197 21.9132 1 7 197 7(-96.4467%)
953 224 23.5047 8 56 242 56(-76.8595%)
948 220 23.2068 3 14 221 14(-93.6652%)
1005 257 25.5721 5 38 261 38(-85.4406%)
933 236 25.2947 4 28 241 28(-88.3817%)
925 236 25.5135 6 44 250 44(-82.4%)
949 256 26.9758 12 85 293 85(-70.9898%)
955 249 26.0733 9 63 269 63(-76.5799%)
949 275 28.9779 11 83 298 83(-72.1477%)
931 268 28.7863 17 121 300 121(-59.6667%)
951 280 29.4427 15 107 315 107(-66.0317%)
937 291 31.0566 21 149 334 149(-55.3892%)
964 321 33.2988 20 147 368 147(-60.0543%)
978 299 30.5726 15 113 324 113(-65.1235%)
905 279 30.8287 28 197 349 197(-43.553%)
971 303 31.2049 23 165 361 165(-54.2936%)
964 311 32.2614 23 169 359 169(-52.9248%)
903 295 32.6689 29 214 362 214(-40.884%)
905 298 32.9282 28 212 369 212(-42.5474%)
861 280 32.5203 28 198 354 198(-44.0678%)
903 296 32.7796 38 268 400 268(-33%)
951 317 33.3333 36 263 411 263(-36.0097%)
965 328 33.9896 41 295 440 295(-32.9545%)
953 323 33.893 33 246 408 246(-39.7059%)
961 332 34.5473 48 340 448 340(-24.1071%)
919 296 32.2089 47 339 431 339(-21.3457%)
912 307 33.6623 55 394 466 394(-15.4506%)
1017 338 33.235 51 370 498 370(-25.7028%)
