927 15 1.61812 0 0 11 0(-100%)
971 31 3.19258 0 0 25 0(-100%)
956 45 4.70711 0 0 37 0(-100%)
975 41 4.20513 0 0 31 0(-100%)
969 53 5.46956 0 0 42 0(-100%)
964 66 6.84647 0 0 55 0(-100%)
980 57 5.81633 0 0 51 0(-100%)
927 79 8.52211 0 0 74 0(-100%)
952 85 8.92857 0 0 78 0(-100%)
931 93 9.98926 0 0 88 0(-100%)
965 111 11.5026 0 0 102 0(-100%)
997 143 14.343 0 0 138 0(-100%)
954 128 13.4172 0 0 126 0(-100%)
948 134 14.135 1 7 135 7(-94.8148%)
910 146 16.044 2 14 144 14(-90.2778%)
941 150 15.9405 0 0 144 0(-100%)
949 176 18.5458 2 14 177 14(-92.0904%)
961 177 18.4183 0 0 176 0(-100%)
958 179 18.6848 0 0 173 0(-100%)
942 197 20.913 6 42 209 42(-79.9043%)
1026 201 19.5906 2 14 203 14(-93.1034%)
950 215 22.6316 3 21 219 21(-90.411%)
971 200 20.5973 4 29 204 29(-85.7843%)
984 240 24.3902 6 42 252 42(-83.3333%)
942 207 21.9745 3 21 208 21(-89.9038%)
959 232 24.1919 7 50 251 50(-80.0797%)
963 243 25.2336 6 43 250 43(-82.8%)
949 246 25.922 13 97 277 97(-64.9819%)
925 262 28.3243 11 81 283 81(-71.3781%)
908 257 28.304 9 74 270 74(-72.5926%)
945 258 27.3016 6 44 264 44(-83.3333%)
904 259 28.6504 8 58 274 58(-78.8321%)
923 296 32.0693 22 156 352 156(-55.6818%)
952 271 28.4664 15 106 316 106(-66.4557%)
1003 307 30.6082 22 160 367 160(-56.4033%)
949 305 32.1391 24 172 349 172(-50.7163%)
943 291 30.859 22 161 346 161(-53.4682%)
922 294 31.8872 27 195 349 195(-44.1261%)
904 292 32.3009 24 168 337 168(-50.1484%)
918 292 31.8083 23 166 348 166(-52.2989%)
892 295 33.0717 27 195 357 195(-45.3782%)
964 308 31.9502 33 240 420 240(-42.8571%)
975 337 34.5641 41 309 429 309(-27.972%)
957 306 31.9749 34 251 402 251(-37.5622%)
928 283 30.4957 42 296 421 296(-29.6912%)
909 303 33.3333 33 237 387 237(-38.7597%)
929 312 33.5845 46 328 442 328(-25.7919%)
924 309 33.4416 49 357 449 357(-20.49%)
924 310 33.5498 51 362 452 362(-19.9115%)
924 289 31.2771 51 359 454 359(-20.9251%)
