933 14 1.50054 0 0 9 0(-100%)
956 21 2.19665 0 0 15 0(-100%)
985 36 3.65482 0 0 30 0(-100%)
954 44 4.61216 0 0 34 0(-100%)
1012 47 4.64427 0 0 45 0(-100%)
946 67 7.08245 0 0 61 0(-100%)
950 84 8.84211 0 0 80 0(-100%)
959 81 8.4463 0 0 75 0(-100%)
924 98 10.6061 0 0 95 0(-100%)
911 101 11.0867 0 0 95 0(-100%)
912 95 10.4167 0 0 92 0(-100%)
1003 123 12.2632 0 0 116 0(-100%)
1052 154 14.6388 0 0 149 0(-100%)
904 122 13.4956 0 0 122 0(-100%)
959 155 16.1627 0 0 154 0(-100%)
1016 162 15.9449 0 0 158 0(-100%)
933 166 17.7921 0 0 162 0(-100%)
917 161 17.5573 2 14 165 14(-91.5152%)
970 198 20.4124 3 21 204 21(-89.7059%)
956 189 19.7699 0 0 186 0(-100%)
998 216 21.6433 2 16 213 16(-92.4883%)
878 192 21.8679 2 15 196 15(-92.3469%)
923 200 21.6685 0 0 195 0(-100%)
944 213 22.5636 6 42 226 42(-81.4159%)
952 216 22.6891 4 32 226 32(-85.8407%)
980 249 25.4082 6 44 258 44(-82.9457%)
971 232 23.8929 6 43 239 43(-82.0084%)
972 248 25.5144 8 57 270 57(-78.8889%)
924 252 27.2727 14 101 290 101(-65.1724%)
984 270 27.439 10 71 298 71(-76.1745%)
952 272 28.5714 11 80 290 80(-72.4138%)
955 263 27.5393 16 113 300 113(-62.3333%)
900 267 29.6667 14 98 296 98(-66.8919%)
935 276 29.5187 18 131 323 131(-59.4427%)
910 286 31.4286 20 143 334 143(-57.1856%)
930 282 30.3226 24 175 346 175(-49.422%)
951 274 28.8118 22 155 344 155(-54.9419%)
974 289 29.6715 20 143 348 143(-58.908%)
982 311 31.6701 30 218 393 218(-44.5293%)
943 299 31.7073 29 206 372 206(-44.6237%)
985 331 33.6041 28 213 399 213(-46.6165%)
950 313 32.9474 33 236 391 236(-39.6419%)
950 308 32.4211 37 274 418 274(-34.4498%)
952 325 34.1387 41 310 445 310(-30.3371%)
914 294 32.1663 41 293 413 293(-29.0557%)
948 315 33.2278 49 350 452 350(-22.5664%)
961 305 31.7378 44 316 436 316(-27.5229%)
937 319 34.0448 45 323 432 323(-25.2315%)
980 324 33.0612 48 342 463 342(-26.1339%)
919 300 32.6442 49 348 455 348(-23.5165%)
