924 10 1.08225 0 0 6 0(-100%)
938 31 3.3049 0 0 28 0(-100%)
959 32 3.33681 0 0 28 0(-100%)
1007 49 4.86594 0 0 44 0(-100%)
959 56 5.83942 0 0 55 0(-100%)
864 48 5.55556 0 0 44 0(-100%)
916 72 7.86026 0 0 71 0(-100%)
965 83 8.60104 0 0 81 0(-100%)
961 94 9.78148 0 0 91 0(-100%)
895 94 10.5028 0 0 92 0(-100%)
997 100 10.0301 0 0 99 0(-100%)
932 122 13.0901 0 0 121 0(-100%)
991 121 12.2099 0 0 122 0(-100%)
977 150 15.3531 0 0 150 0(-100%)
914 124 13.5667 0 0 120 0(-100%)
974 152 15.6057 0 0 152 0(-100%)
926 160 17.2786 0 0 158 0(-100%)
920 175 19.0217 0 0 174 0(-100%)
915 154 16.8306 2 14 159 14(-91.195%)
929 199 21.4209 2 14 202 14(-93.0693%)
932 193 20.7082 4 28 198 28(-85.8586%)
1011 229 22.6508 1 7 229 7(-96.9432%)
931 208 22.3416 2 14 207 14(-93.2367%)
965 217 22.487 4 28 228 28(-87.7193%)
986 238 24.1379 2 16 238 16(-93.2773%)
958 238 24.8434 9 65 260 65(-75%)
928 257 27.694 8 56 277 56(-79.7834%)
966 251 25.9834 5 35 262 35(-86.6412%)
986 269 27.2819 14 99 300 99(-67%)
945 276 29.2063 10 70 295 70(-76.2712%)
959 252 26.2774 6 44 265 44(-83.3962%)
988 284 28.7449 10 70 303 70(-76.8977%)
949 270 28.451 20 143 310 143(-53.871%)
909 241 26.5127 18 130 292 130(-55.4795%)
914 264 28.884 19 135 315 135(-57.1429%)
955 288 30.1571 26 194 346 194(-43.9306%)
955 290 30.3665 23 167 340 167(-50.8824%)
979 310 31.665 26 188 368 188(-48.913%)
1020 348 34.1176 25 183 393 183(-53.4351%)
998 304 30.4609 26 188 389 188(-51.671%)
976 315 32.2746 38 270 421 270(-35.867%)
980 319 32.551 31 221 399 221(-44.6115%)
957 320 33.4378 36 261 408 261(-36.0294%)
863 286 33.1402 41 300 398 300(-24.6231%)
933 302 32.3687 40 284 407 284(-30.2211%)
992 326 32.8629 42 302 447 302(-32.4385%)
867 288 33.218 39 284 397 284(-28.4635%)
898 303 33.7416 42 308 418 308(-26.3158%)
983 330 33.5707 52 381 486 381(-21.6049%)
975 313 32.1026 56 395 490 395(-19.3878%)
