908 14 1.54185 0 0 9 0(-100%)
1011 16 1.58259 0 0 16 0(-100%)
989 27 2.73003 0 0 26 0(-100%)
990 44 4.44444 0 0 41 0(-100%)
955 39 4.08377 0 0 39 0(-100%)
940 70 7.44681 0 0 70 0(-100%)
932 61 6.54506 0 0 60 0(-100%)
953 70 7.34523 0 0 66 0(-100%)
961 87 9.05307 0 0 84 0(-100%)
899 97 10.7898 0 0 95 0(-100%)
946 114 12.0507 0 0 110 0(-100%)
948 112 11.8143 0 0 111 0(-100%)
965 131 13.5751 0 0 129 0(-100%)
995 157 15.7789 0 0 156 0(-100%)
912 126 13.8158 0 0 123 0(-100%)
920 144 15.6522 0 0 143 0(-100%)
937 160 17.0758 1 7 157 7(-95.5414%)
934 197 21.0921 0 0 197 0(-100%)
923 185 20.0433 1 7 187 7(-96.2567%)
941 186 19.7662 1 7 189 7(-96.2963%)
932 175 18.7768 5 35 185 35(-81.0811%)
973 196 20.1439 1 7 197 7(-96.4467%)
938 212 22.6013 2 14 219 14(-93.6073%)
930 219 23.5484 7 50 242 50(-79.3388%)
978 234 23.9264 8 58 266 58(-78.1955%)
984 237 24.0854 5 35 248 35(-85.8871%)
935 242 25.8824 3 21 245 21(-91.4286%)
963 253 26.2721 7 52 268 52(-80.597%)
952 263 27.6261 7 52 273 52(-80.9524%)
911 263 28.8694 10 76 285 76(-73.3333%)
930 270 29.0323 17 126 305 126(-58.6885%)
979 278 28.3963 14 98 312 98(-68.5897%)
964 271 28.112 10 72 295 72(-75.5932%)
949 272 28.6617 19 134 325 134(-58.7692%)
978 302 30.8793 20 141 347 141(-59.366%)
937 279 29.7759 12 84 316 84(-73.4177%)
901 271 30.0777 29 207 358 207(-42.1788%)
882 285 32.3129 31 224 357 224(-37.2549%)
932 292 31.3305 33 236 390 236(-39.4872%)
975 319 32.7179 34 246 402 246(-38.806%)
973 294 30.2158 37 269 405 269(-33.5802%)
951 306 32.1767 40 289 414 289(-30.1932%)
943 319 33.8282 42 303 428 303(-29.2056%)
956 311 32.5314 35 253 417 253(-39.3285%)
901 298 33.0744 33 239 389 239(-38.5604%)
983 292 29.705 40 280 438 280(-36.0731%)
842 287 34.0855 45 328 410 328(-20%)
1020 346 33.9216 43 305 459 305(-33.5512%)
989 330 33.367 47 337 465 337(-27.5269%)
918 309 33.6601 50 357 459 357(-22.2222%)
