947 11 1.16156 0 0 10 0(-100%)
955 20 2.09424 0 0 19 0(-100%)
1010 25 2.47525 0 0 22 0(-100%)
969 45 4.64396 0 0 42 0(-100%)
941 45 4.78215 0 0 44 0(-100%)
960 56 5.83333 0 0 52 0(-100%)
989 76 7.68453 0 0 74 0(-100%)
927 74 7.98274 0 0 71 0(-100%)
972 98 10.0823 0 0 94 0(-100%)
966 97 10.0414 0 0 96 0(-100%)
943 124 13.1495 0 0 124 0(-100%)
952 114 11.9748 0 0 113 0(-100%)
973 131 13.4635 1 7 129 7(-94.5736%)
907 126 13.892 1 7 126 7(-94.4444%)
970 151 15.567 0 0 151 0(-100%)
948 146 15.4008 0 0 146 0(-100%)
950 165 17.3684 1 7 166 7(-95.7831%)
966 173 17.9089 0 0 171 0(-100%)
948 169 17.827 1 7 170 7(-95.8824%)
957 176 18.3908 0 0 174 0(-100%)
950 195 20.5263 1 7 198 7(-96.4646%)
907 196 21.6097 2 14 196 14(-92.8571%)
901 221 24.5283 6 42 229 42(-81.6594%)
999 244 24.4244 3 24 245 24(-90.2041%)
965 215 22.2798 4 28 224 28(-87.5%)
950 249 26.2105 3 22 256 22(-91.4062%)
942 251 26.6454 7 49 263 49(-81.3688%)
930 239 25.6989 9 71 253 71(-71.9368%)
933 265 28.403 15 99 298 99(-66.7785%)
922 271 29.3926 11 84 290 84(-71.0345%)
885 271 30.6215 13 96 292 96(-67.1233%)
938 263 28.0384 7 49 285 49(-82.807%)
924 256 27.7056 18 128 308 128(-58.4416%)
929 272 29.2788 18 126 311 126(-59.4855%)
934 296 31.6916 19 139 346 139(-59.8266%)
970 292 30.1031 20 143 330 143(-56.6667%)
955 313 32.7749 24 172 367 172(-53.1335%)
976 285 29.2008 22 155 351 155(-55.8405%)
934 303 32.4411 28 200 391 200(-48.8491%)
910 291 31.978 28 204 365 204(-44.1096%)
962 314 32.6403 31 226 382 226(-40.8377%)
923 310 33.5861 30 221 386 221(-42.7461%)
954 302 31.6562 32 227 400 227(-43.25%)
971 323 33.2647 42 296 434 296(-31.7972%)
907 290 31.9735 48 351 426 351(-17.6056%)
1009 339 33.5976 48 346 471 346(-26.5393%)
904 288 31.8584 44 319 429 319(-25.641%)
1002 304 30.3393 52 375 496 375(-24.3952%)
885 289 32.6554 44 324 427 324(-24.1218%)
952 318 33.4034 44 320 460 320(-30.4348%)
