948 9 0.949367 0 0 8 0(-100%)
970 17 1.75258 0 0 15 0(-100%)
937 37 3.94877 0 0 30 0(-100%)
935 51 5.45455 0 0 48 0(-100%)
969 52 5.36636 0 0 50 0(-100%)
947 63 6.65259 0 0 61 0(-100%)
951 64 6.72976 0 0 62 0(-100%)
916 65 7.09607 0 0 64 0(-100%)
1001 92 9.19081 0 0 89 0(-100%)
947 90 9.5037 0 0 89 0(-100%)
964 115 11.9295 0 0 115 0(-100%)
922 127 13.7744 0 0 125 0(-100%)
915 136 14.8634 0 0 135 0(-100%)
918 140 15.2505 1 8 138 8(-94.2029%)
995 136 13.6683 0 0 132 0(-100%)
920 143 15.5435 0 0 143 0(-100%)
959 160 16.684 0 0 158 0(-100%)
1019 177 17.37 0 0 171 0(-100%)
951 189 19.8738 3 21 192 21(-89.0625%)
960 199 20.7292 4 28 207 28(-86.4734%)
958 192 20.0418 3 24 193 24(-87.5648%)
979 207 21.144 0 0 204 0(-100%)
985 226 22.9442 3 21 234 21(-91.0256%)
946 196 20.7188 1 7 198 7(-96.4646%)
995 249 25.0251 9 63 274 63(-77.0073%)
966 266 27.5362 8 57 284 57(-79.9296%)
945 232 24.5503 7 49 253 49(-80.6324%)
925 240 25.9459 12 85 272 85(-68.75%)
957 284 29.6761 11 78 310 78(-74.8387%)
960 243 25.3125 5 35 249 35(-85.9438%)
903 267 29.5681 7 49 282 49(-82.6241%)
914 264 28.884 10 72 289 72(-75.0865%)
963 282 29.2835 17 127 320 127(-60.3125%)
934 272 29.1221 16 122 312 122(-60.8974%)
954 292 30.608 15 111 331 111(-66.4653%)
977 293 29.9898 23 165 349 165(-52.7221%)
934 285 30.5139 23 162 348 162(-53.4483%)
939 290 30.8839 18 129 330 129(-60.9091%)
967 300 31.0238 28 199 372 199(-46.5054%)
981 311 31.7023 30 220 386 220(-43.0052%)
967 325 33.6091 30 214 409 214(-47.6773%)
899 307 34.1491 38 270 399 270(-32.3308%)
911 299 32.8211 35 248 397 248(-37.5315%)
1018 322 31.6306 41 291 449 291(-35.1893%)
943 320 33.9343 42 306 435 306(-29.6552%)
1028 354 34.4358 44 315 469 315(-32.8358%)
902 293 32.4834 48 343 431 343(-20.4176%)
954 313 32.8092 41 298 423 298(-29.5508%)
913 316 34.6112 49 364 438 364(-16.895%)
946 315 33.2981 52 377 484 377(-22.1074%)
