959 7 0.729927 0 0 5 0(-100%)
963 30 3.11526 0 0 29 0(-100%)
923 41 4.44204 0 0 36 0(-100%)
942 32 3.39703 0 0 29 0(-100%)
959 37 3.85819 0 0 34 0(-100%)
952 70 7.35294 0 0 66 0(-100%)
918 55 5.99129 0 0 54 0(-100%)
948 70 7.38397 0 0 68 0(-100%)
926 82 8.85529 0 0 81 0(-100%)
943 101 10.7105 0 0 98 0(-100%)
913 101 11.0624 0 0 99 0(-100%)
949 112 11.8019 0 0 112 0(-100%)
950 155 16.3158 0 0 154 0(-100%)
966 132 13.6646 0 0 130 0(-100%)
896 113 12.6116 0 0 112 0(-100%)
944 133 14.089 0 0 130 0(-100%)
942 173 18.3652 1 7 176 7(-96.0227%)
888 173 19.482 4 29 180 29(-83.8889%)
975 193 19.7949 2 16 194 16(-91.7526%)
936 169 18.0556 1 7 167 7(-95.8084%)
994 192 19.3159 3 21 199 21(-89.4472%)
942 193 20.4883 2 15 193 15(-92.228%)
950 210 22.1053 1 7 212 7(-96.6981%)
925 223 24.1081 3 22 227 22(-90.3084%)
970 236 24.3299 4 29 242 29(-88.0165%)
931 223 23.9527 2 16 227 16(-92.9515%)
960 248 25.8333 7 49 264 49(-81.4394%)
947 236 24.9208 4 32 242 32(-86.7769%)
904 238 26.3274 7 49 259 49(-81.0811%)
922 262 28.4165 13 98 288 98(-65.9722%)
880 251 28.5227 10 74 272 74(-72.7941%)
955 264 27.644 7 50 277 50(-81.9495%)
913 256 28.0394 9 66 274 66(-75.9124%)
945 284 30.0529 16 118 326 118(-63.8037%)
925 294 31.7838 24 176 345 176(-48.9855%)
896 276 30.8036 19 135 328 135(-58.8415%)
961 303 31.5297 30 215 379 215(-43.2718%)
916 288 31.441 21 153 336 153(-54.4643%)
956 298 31.1715 29 215 385 215(-44.1558%)
907 283 31.2018 30 226 359 226(-37.0474%)
935 301 32.1925 33 236 386 236(-38.8601%)
959 303 31.5954 42 303 425 303(-28.7059%)
908 279 30.7269 36 259 384 259(-32.5521%)
990 338 34.1414 46 328 456 328(-28.0702%)
933 328 35.1554 43 316 423 316(-25.2955%)
934 313 33.5118 42 309 431 309(-28.3063%)
947 302 31.8902 49 346 465 346(-25.5914%)
1010 336 33.2673 47 335 482 335(-30.4979%)
930 322 34.6237 47 356 454 356(-21.5859%)
918 297 32.3529 58 406 483 406(-15.942%)
