951 17 1.78759 0 0 13 0(-100%)
924 14 1.51515 0 0 14 0(-100%)
930 30 3.22581 0 0 24 0(-100%)
961 39 4.05827 0 0 32 0(-100%)
962 49 5.09356 0 0 46 0(-100%)
907 54 5.95369 0 0 52 0(-100%)
909 79 8.69087 0 0 76 0(-100%)
968 83 8.57438 0 0 83 0(-100%)
972 79 8.12757 0 0 78 0(-100%)
897 91 10.1449 0 0 89 0(-100%)
944 107 11.3347 0 0 105 0(-100%)
956 116 12.1339 0 0 115 0(-100%)
894 122 13.6465 0 0 121 0(-100%)
920 111 12.0652 0 0 109 0(-100%)
1000 155 15.5 1 7 158 7(-95.5696%)
933 171 18.328 1 7 168 7(-95.8333%)
934 148 15.8458 0 0 147 0(-100%)
893 176 19.7088 2 14 180 14(-92.2222%)
977 167 17.0931 0 0 166 0(-100%)
987 193 19.5542 1 7 194 7(-96.3918%)
925 177 19.1351 1 7 178 7(-96.0674%)
934 186 19.9143 1 7 186 7(-96.2366%)
1000 211 21.1 2 14 214 14(-93.4579%)
949 231 24.3414 6 42 247 42(-82.996%)
929 219 23.5737 5 36 228 36(-84.2105%)
979 226 23.0848 4 29 236 29(-87.7119%)
906 210 23.1788 5 35 220 35(-84.0909%)
908 243 26.7621 5 36 254 36(-85.8268%)
951 262 27.5499 9 63 293 63(-78.4983%)
972 263 27.0576 9 63 279 63(-77.4194%)
964 264 27.3859 14 106 292 106(-63.6986%)
968 274 28.3058 16 115 310 115(-62.9032%)
883 260 29.4451 10 73 284 73(-74.2958%)
961 272 28.3039 15 108 301 108(-64.1196%)
980 295 30.102 19 129 342 129(-62.2807%)
958 299 31.2109 19 139 348 139(-60.0575%)
933 299 32.0472 25 170 360 170(-52.7778%)
976 289 29.6107 26 187 360 187(-48.0556%)
905 292 32.2652 33 238 372 238(-36.0215%)
945 304 32.1693 24 184 357 184(-48.4594%)
953 321 33.6831 31 234 393 234(-40.458%)
1002 337 33.6327 35 258 425 258(-39.2941%)
954 306 32.0755 32 228 399 228(-42.8571%)
975 320 32.8205 33 236 413 236(-42.8571%)
916 288 31.441 36 255 390 255(-34.6154%)
914 293 32.0569 42 302 409 302(-26.1614%)
1004 336 33.4661 49 358 476 358(-24.7899%)
907 305 33.6273 45 340 432 340(-21.2963%)
924 314 33.9827 50 359 450 359(-20.2222%)
1020 337 33.0392 62 443 535 443(-17.1963%)
