982 9 0.916497 0 0 8 0(-100%)
960 24 2.5 0 0 21 0(-100%)
955 37 3.87435 0 0 34 0(-100%)
976 41 4.20082 0 0 40 0(-100%)
990 62 6.26263 0 0 58 0(-100%)
922 45 4.88069 0 0 44 0(-100%)
909 56 6.16062 1 7 55 7(-87.2727%)
881 70 7.94552 0 0 69 0(-100%)
997 95 9.52859 0 0 91 0(-100%)
946 94 9.93658 0 0 92 0(-100%)
966 103 10.6625 0 0 101 0(-100%)
957 117 12.2257 0 0 116 0(-100%)
998 129 12.9259 0 0 128 0(-100%)
932 178 19.0987 1 7 174 7(-95.977%)
936 147 15.7051 1 7 150 7(-95.3333%)
941 157 16.6844 3 21 160 21(-86.875%)
939 142 15.1225 0 0 139 0(-100%)
916 154 16.8122 1 7 154 7(-95.4545%)
962 153 15.9044 1 7 155 7(-95.4839%)
934 160 17.1306 2 14 162 14(-91.358%)
981 220 22.4261 3 21 229 21(-90.8297%)
960 199 20.7292 2 15 201 15(-92.5373%)
963 189 19.6262 4 28 197 28(-85.7868%)
895 202 22.5698 4 32 206 32(-84.466%)
976 260 26.6393 2 15 263 15(-94.2966%)
920 225 24.4565 5 36 231 36(-84.4156%)
929 213 22.9279 7 49 229 49(-78.6026%)
922 238 25.8134 11 78 268 78(-70.8955%)
948 245 25.8439 7 52 263 52(-80.2281%)
967 266 27.5078 7 50 278 50(-82.0144%)
980 267 27.2449 8 58 293 58(-80.2048%)
946 281 29.704 13 94 305 94(-69.1803%)
974 291 29.8768 16 115 330 115(-65.1515%)
1026 302 29.4347 18 140 346 140(-59.5376%)
992 315 31.754 23 174 360 174(-51.6667%)
930 282 30.3226 19 139 323 139(-56.9659%)
947 300 31.679 26 197 366 197(-46.1749%)
969 317 32.7141 29 218 391 218(-44.2455%)
901 295 32.7414 22 158 343 158(-53.9359%)
954 317 33.2285 36 261 405 261(-35.5556%)
968 321 33.1612 36 258 411 258(-37.2263%)
922 315 34.1649 40 296 415 296(-28.6747%)
946 305 32.241 45 322 434 322(-25.8065%)
933 304 32.5831 35 254 413 254(-38.4988%)
935 309 33.0481 35 256 396 256(-35.3535%)
958 321 33.5073 37 267 429 267(-37.7622%)
1004 338 33.6653 44 319 472 319(-32.4153%)
988 308 31.1741 49 347 474 347(-26.7932%)
960 321 33.4375 44 315 451 315(-30.1552%)
972 326 33.5391 54 393 500 393(-21.4%)
