912 11 1.20614 0 0 11 0(-100%)
898 23 2.56125 0 0 21 0(-100%)
943 35 3.71156 0 0 34 0(-100%)
970 33 3.40206 0 0 32 0(-100%)
1009 53 5.25273 0 0 50 0(-100%)
947 63 6.65259 0 0 60 0(-100%)
937 70 7.47065 0 0 66 0(-100%)
995 88 8.84422 0 0 87 0(-100%)
956 85 8.89121 0 0 85 0(-100%)
966 100 10.352 0 0 100 0(-100%)
955 112 11.7277 0 0 110 0(-100%)
963 121 12.5649 0 0 120 0(-100%)
968 107 11.0537 0 0 106 0(-100%)
931 150 16.1117 1 7 154 7(-95.4545%)
970 144 14.8454 0 0 144 0(-100%)
975 160 16.4103 1 7 157 7(-95.5414%)
929 167 17.9763 1 7 163 7(-95.7055%)
951 177 18.612 1 7 180 7(-96.1111%)
963 183 19.0031 0 0 183 0(-100%)
933 179 19.1854 2 14 180 14(-92.2222%)
944 212 22.4576 0 0 212 0(-100%)
944 196 20.7627 5 37 204 37(-81.8627%)
921 214 23.2356 8 56 229 56(-75.5459%)
1029 242 23.518 3 21 247 21(-91.498%)
946 229 24.2072 4 28 235 28(-88.0851%)
966 260 26.9151 8 58 275 58(-78.9091%)
969 247 25.4902 7 50 270 50(-81.4815%)
964 255 26.4523 11 79 277 79(-71.4801%)
946 247 26.1099 7 56 263 56(-78.7072%)
958 288 30.0626 11 84 301 84(-72.093%)
982 285 29.0224 14 107 314 107(-65.9236%)
982 285 29.0224 15 108 323 108(-66.5635%)
980 271 27.6531 14 108 309 108(-65.0485%)
932 251 26.9313 17 121 297 121(-59.2593%)
938 262 27.9318 10 72 282 72(-74.4681%)
953 285 29.9056 23 161 348 161(-53.7356%)
960 288 30 23 172 354 172(-51.4124%)
958 308 32.1503 27 194 391 194(-50.3836%)
942 306 32.4841 22 154 364 154(-57.6923%)
945 291 30.7937 21 149 351 149(-57.5499%)
892 302 33.8565 37 263 399 263(-34.0852%)
947 307 32.4182 34 251 406 251(-38.1773%)
936 313 33.4402 41 292 430 292(-32.093%)
977 328 33.5722 39 278 424 278(-34.434%)
994 320 32.1932 33 240 411 240(-41.6058%)
951 324 34.0694 34 248 430 248(-42.3256%)
1004 341 33.9641 46 331 453 331(-26.9316%)
962 330 34.3035 49 365 456 365(-19.9561%)
948 332 35.0211 46 325 447 325(-27.2931%)
955 318 33.2984 53 376 458 376(-17.9039%)
