948 10 1.05485 0 0 10 0(-100%)
948 21 2.21519 0 0 21 0(-100%)
920 34 3.69565 0 0 31 0(-100%)
946 38 4.01691 0 0 38 0(-100%)
953 48 5.03673 0 0 45 0(-100%)
1039 58 5.58229 0 0 57 0(-100%)
938 61 6.5032 0 0 60 0(-100%)
936 79 8.44017 1 7 79 7(-91.1392%)
918 81 8.82353 0 0 77 0(-100%)
966 108 11.1801 0 0 106 0(-100%)
943 98 10.3924 0 0 97 0(-100%)
947 127 13.4108 0 0 126 0(-100%)
963 125 12.9803 0 0 122 0(-100%)
984 121 12.2967 0 0 121 0(-100%)
938 141 15.032 0 0 141 0(-100%)
963 183 19.0031 1 10 180 10(-94.4444%)
1020 194 19.0196 0 0 192 0(-100%)
931 173 18.5822 0 0 169 0(-100%)
950 169 17.7895 1 8 171 8(-95.3216%)
938 186 19.8294 2 14 192 14(-92.7083%)
977 213 21.8014 1 8 213 8(-96.2441%)
947 200 21.1193 1 7 201 7(-96.5174%)
919 212 23.0686 1 7 211 7(-96.6825%)
955 227 23.7696 6 46 243 46(-81.07%)
925 222 24 8 56 236 56(-76.2712%)
957 231 24.1379 5 35 241 35(-85.4772%)
913 226 24.7536 7 50 245 50(-79.5918%)
944 253 26.8008 7 49 266 49(-81.5789%)
941 259 27.5239 8 56 277 56(-79.7834%)
948 254 26.7932 9 63 279 63(-77.4194%)
952 260 27.3109 15 107 292 107(-63.3562%)
1029 320 31.0982 16 115 348 115(-66.954%)
939 282 30.0319 19 140 321 140(-56.3863%)
909 270 29.703 22 158 323 158(-51.0836%)
966 308 31.8841 26 188 358 188(-47.486%)
904 270 29.8673 24 175 332 175(-47.2892%)
964 306 31.7427 25 178 370 178(-51.8919%)
945 290 30.6878 21 156 350 156(-55.4286%)
987 314 31.8136 23 172 372 172(-53.7634%)
994 313 31.4889 28 192 389 192(-50.6427%)
945 320 33.8624 29 212 390 212(-45.641%)
919 307 33.4059 35 255 396 255(-35.6061%)
949 321 33.8251 43 305 444 305(-31.3063%)
1006 331 32.9026 48 342 462 342(-25.974%)
971 320 32.9557 42 299 435 299(-31.2644%)
954 318 33.3333 35 249 410 249(-39.2683%)
967 303 31.334 43 307 441 307(-30.3855%)
936 327 34.9359 44 325 451 325(-27.9379%)
982 329 33.5031 49 352 481 352(-26.8191%)
948 304 32.0675 49 350 467 350(-25.0535%)
