1029 17 1.65209 0 0 14 0(-100%)
911 16 1.75631 0 0 15 0(-100%)
973 25 2.56937 0 0 22 0(-100%)
942 43 4.56476 0 0 43 0(-100%)
930 51 5.48387 0 0 50 0(-100%)
977 55 5.62948 0 0 54 0(-100%)
1000 67 6.7 0 0 67 0(-100%)
910 70 7.69231 0 0 68 0(-100%)
906 82 9.05077 0 0 77 0(-100%)
917 84 9.16031 0 0 84 0(-100%)
997 105 10.5316 0 0 103 0(-100%)
920 105 11.413 0 0 102 0(-100%)
921 119 12.9207 0 0 116 0(-100%)
1042 127 12.1881 0 0 124 0(-100%)
966 152 15.735 0 0 148 0(-100%)
919 161 17.519 0 0 158 0(-100%)
938 158 16.8443 1 7 160 7(-95.625%)
927 157 16.9364 0 0 155 0(-100%)
999 190 19.019 0 0 189 0(-100%)
960 186 19.375 0 0 185 0(-100%)
964 170 17.6349 2 15 168 15(-91.0714%)
926 186 20.0864 1 7 186 7(-96.2366%)
928 209 22.5216 3 21 218 21(-90.367%)
920 216 23.4783 2 15 216 15(-93.0556%)
1007 248 24.6276 5 35 259 35(-86.4865%)
939 238 25.3461 7 50 249 50(-79.9197%)
913 231 25.3012 9 64 250 64(-74.4%)
979 244 24.9234 5 36 253 36(-85.7708%)
904 225 24.8894 6 44 233 44(-81.1159%)
889 249 28.009 10 73 274 73(-73.3577%)
934 259 27.7302 10 71 280 71(-74.6429%)
882 241 27.3243 21 153 301 153(-49.1694%)
922 270 29.2842 13 93 305 93(-69.5082%)
935 274 29.3048 17 124 317 124(-60.8833%)
925 276 29.8378 19 136 312 136(-56.4103%)
963 289 30.0104 28 201 364 201(-44.7802%)
955 306 32.0419 20 144 358 144(-59.7765%)
924 293 31.71 26 188 354 188(-46.8927%)
925 278 30.0541 31 220 353 220(-37.6771%)
988 330 33.4008 30 218 395 218(-44.8101%)
998 334 33.4669 36 259 424 259(-38.9151%)
934 303 32.4411 26 189 374 189(-49.4652%)
961 335 34.8595 39 290 422 290(-31.2796%)
997 334 33.5005 30 219 412 219(-46.8447%)
921 307 33.3333 36 254 413 254(-38.4988%)
921 301 32.6819 37 272 416 272(-34.6154%)
944 314 33.2627 41 302 438 302(-31.0502%)
1001 332 33.1668 52 372 481 372(-22.6611%)
982 327 33.2994 52 370 474 370(-21.9409%)
947 323 34.1077 55 397 486 397(-18.3128%)
