916 5 0.545852 0 0 5 0(-100%)
951 35 3.68034 0 0 33 0(-100%)
1004 29 2.88845 0 0 29 0(-100%)
926 54 5.83153 0 0 54 0(-100%)
916 39 4.25764 0 0 40 0(-100%)
982 61 6.21181 0 0 61 0(-100%)
1012 73 7.21344 0 0 73 0(-100%)
964 69 7.15768 0 0 69 0(-100%)
931 80 8.59291 0 0 79 0(-100%)
983 99 10.0712 0 0 98 0(-100%)
924 90 9.74026 0 0 89 0(-100%)
974 127 13.039 0 0 127 0(-100%)
933 123 13.1833 0 0 123 0(-100%)
945 120 12.6984 0 0 119 0(-100%)
928 142 15.3017 0 0 141 0(-100%)
914 143 15.6455 2 14 145 14(-90.3448%)
928 155 16.7026 0 0 153 0(-100%)
971 177 18.2286 2 14 182 14(-92.3077%)
935 196 20.9626 1 7 196 7(-96.4286%)
952 168 17.6471 1 7 172 7(-95.9302%)
957 179 18.7043 0 0 176 0(-100%)
1001 200 19.98 3 21 208 21(-89.9038%)
959 217 22.6277 2 15 218 15(-93.1193%)
977 245 25.0768 3 22 249 22(-91.1647%)
945 201 21.2698 6 42 215 42(-80.4651%)
963 233 24.1952 4 28 237 28(-88.1857%)
923 235 25.4605 7 52 253 52(-79.4466%)
944 254 26.9068 9 69 273 69(-74.7253%)
964 256 26.556 8 56 279 56(-79.9283%)
912 240 26.3158 10 75 258 75(-70.9302%)
913 246 26.9441 6 42 258 42(-83.7209%)
977 281 28.7615 15 107 321 107(-66.6667%)
931 262 28.1418 14 99 309 99(-67.9612%)
923 280 30.3359 23 170 327 170(-48.0122%)
986 297 30.1217 16 117 342 117(-65.7895%)
995 329 33.0653 27 196 382 196(-48.6911%)
945 278 29.418 17 126 332 126(-62.0482%)
935 289 30.9091 28 201 358 201(-43.8547%)
976 307 31.4549 29 211 376 211(-43.883%)
973 294 30.2158 28 203 372 203(-45.4301%)
893 288 32.2508 28 207 355 207(-41.6901%)
892 291 32.6233 33 237 383 237(-38.1201%)
972 332 34.1564 36 269 408 269(-34.0686%)
958 304 31.7328 40 284 417 284(-31.8945%)
980 338 34.4898 47 347 466 347(-25.5365%)
930 305 32.7957 39 281 418 281(-32.7751%)
926 314 33.9093 43 318 434 318(-26.7281%)
968 311 32.1281 48 336 468 336(-28.2051%)
968 323 33.3678 49 355 464 355(-23.4914%)
937 291 31.0566 56 397 489 397(-18.8139%)
