980 10 1.02041 0 0 7 0(-100%)
987 20 2.02634 0 0 18 0(-100%)
931 26 2.7927 0 0 24 0(-100%)
981 37 3.77166 0 0 36 0(-100%)
930 58 6.23656 0 0 56 0(-100%)
1008 53 5.25794 0 0 52 0(-100%)
965 56 5.80311 0 0 54 0(-100%)
975 67 6.87179 0 0 66 0(-100%)
983 95 9.66429 0 0 94 0(-100%)
980 99 10.102 0 0 98 0(-100%)
942 101 10.7219 0 0 100 0(-100%)
933 121 12.9689 0 0 120 0(-100%)
924 109 11.7965 0 0 109 0(-100%)
941 128 13.6026 0 0 127 0(-100%)
928 132 14.2241 0 0 129 0(-100%)
942 166 17.6221 1 7 167 7(-95.8084%)
938 161 17.1642 1 7 164 7(-95.7317%)
951 190 19.979 0 0 190 0(-100%)
893 175 19.5969 2 14 178 14(-92.1348%)
934 193 20.6638 1 7 194 7(-96.3918%)
910 186 20.4396 1 8 186 8(-95.6989%)
966 200 20.7039 3 21 205 21(-89.7561%)
945 220 23.2804 2 14 224 14(-93.75%)
929 199 21.4209 3 21 209 21(-89.9522%)
959 229 23.879 3 23 237 23(-90.2954%)
951 227 23.8696 5 36 239 36(-84.9372%)
958 250 26.096 9 63 271 63(-76.7528%)
939 262 27.902 13 95 291 95(-67.354%)
944 254 26.9068 8 60 268 60(-77.6119%)
926 269 29.0497 14 100 303 100(-66.9967%)
966 256 26.501 5 35 268 35(-86.9403%)
945 269 28.4656 15 110 301 110(-63.4551%)
901 262 29.0788 19 140 300 140(-53.3333%)
1007 311 30.8838 19 144 352 144(-59.0909%)
946 276 29.1755 22 156 353 156(-55.8074%)
1020 309 30.2941 27 196 386 196(-49.2228%)
923 275 29.7941 24 169 345 169(-51.0145%)
1035 308 29.7585 28 197 398 197(-50.5025%)
943 306 32.4496 20 148 352 148(-57.9545%)
941 292 31.0308 40 282 409 282(-31.0513%)
962 305 31.7048 32 245 396 245(-38.1313%)
995 320 32.1608 36 263 413 263(-36.3196%)
942 292 30.9979 37 263 409 263(-35.6968%)
919 290 31.556 34 245 397 245(-38.2872%)
947 298 31.4678 44 314 427 314(-26.4637%)
883 313 35.4473 43 317 427 317(-25.7611%)
946 290 30.6554 39 279 423 279(-34.0426%)
902 283 31.3747 48 344 437 344(-21.2815%)
982 327 33.2994 43 315 462 315(-31.8182%)
957 314 32.8109 55 407 487 407(-16.4271%)
