938 7 0.746269 0 0 7 0(-100%)
920 22 2.3913 0 0 20 0(-100%)
937 32 3.41515 0 0 32 0(-100%)
999 52 5.20521 0 0 52 0(-100%)
947 65 6.86378 0 0 63 0(-100%)
949 73 7.69231 0 0 69 0(-100%)
952 58 6.09244 0 0 58 0(-100%)
959 79 8.23775 0 0 79 0(-100%)
942 95 10.0849 0 0 95 0(-100%)
953 86 9.02413 0 0 86 0(-100%)
925 107 11.5676 0 0 104 0(-100%)
920 115 12.5 0 0 116 0(-100%)
977 135 13.8178 0 0 131 0(-100%)
945 130 13.7566 1 7 129 7(-94.5736%)
955 149 15.6021 0 0 148 0(-100%)
958 143 14.9269 0 0 143 0(-100%)
997 160 16.0481 1 7 157 7(-95.5414%)
997 178 17.8536 1 7 180 7(-96.1111%)
979 164 16.7518 2 14 167 14(-91.6168%)
1005 186 18.5075 3 21 192 21(-89.0625%)
905 207 22.8729 2 15 211 15(-92.891%)
1015 220 21.6749 5 36 231 36(-84.4156%)
969 228 23.5294 2 14 233 14(-93.9914%)
944 213 22.5636 6 42 231 42(-81.8182%)
962 208 21.6216 6 50 221 50(-77.3756%)
999 241 24.1241 7 50 259 50(-80.695%)
938 243 25.9062 6 42 259 42(-83.7838%)
991 242 24.4198 5 35 252 35(-86.1111%)
918 267 29.085 15 106 301 106(-64.7841%)
982 275 28.0041 12 88 303 88(-70.9571%)
978 290 29.6524 17 127 328 127(-61.2805%)
967 269 27.818 13 98 305 98(-67.8689%)
899 253 28.1424 16 105 298 105(-64.7651%)
906 263 29.0287 15 107 300 107(-64.3333%)
1024 324 31.6406 18 136 368 136(-63.0435%)
972 294 30.2469 18 129 335 129(-61.4925%)
953 303 31.7943 28 204 363 204(-43.8017%)
992 318 32.0565 27 201 385 201(-47.7922%)
921 301 32.6819 21 154 346 154(-55.4913%)
956 322 33.682 36 263 422 263(-37.6777%)
962 322 33.4719 32 232 400 232(-42%)
915 280 30.6011 32 230 379 230(-39.314%)
912 288 31.5789 32 232 380 232(-38.9474%)
968 301 31.095 41 291 431 291(-32.4826%)
950 315 33.1579 46 329 447 329(-26.3982%)
925 317 34.2703 39 279 409 279(-31.7848%)
975 309 31.6923 38 283 428 283(-33.8785%)
986 319 32.3529 54 383 490 383(-21.8367%)
1010 338 33.4653 54 390 491 390(-20.5703%)
932 305 32.7253 45 335 447 335(-25.0559%)
