908 3 0.330396 0 0 3 0(-100%)
994 23 2.31388 0 0 23 0(-100%)
932 34 3.64807 0 0 31 0(-100%)
1031 36 3.49176 0 0 35 0(-100%)
940 50 5.31915 0 0 49 0(-100%)
966 58 6.00414 0 0 54 0(-100%)
947 57 6.01901 0 0 57 0(-100%)
1012 99 9.78261 0 0 99 0(-100%)
933 73 7.82422 0 0 72 0(-100%)
934 74 7.92291 0 0 74 0(-100%)
953 87 9.12907 0 0 87 0(-100%)
924 109 11.7965 0 0 109 0(-100%)
990 122 12.3232 0 0 121 0(-100%)
921 126 13.6808 0 0 125 0(-100%)
964 145 15.0415 0 0 144 0(-100%)
978 153 15.6442 0 0 153 0(-100%)
966 181 18.7371 0 0 181 0(-100%)
943 164 17.3913 0 0 165 0(-100%)
956 183 19.1423 2 15 187 15(-91.9786%)
935 169 18.0749 3 22 176 22(-87.5%)
971 195 20.0824 0 0 195 0(-100%)
995 214 21.5075 5 35 222 35(-84.2342%)
976 228 23.3607 4 31 241 31(-87.1369%)
956 210 21.9665 1 9 210 9(-95.7143%)
966 247 25.5694 4 29 254 29(-88.5827%)
943 219 23.2238 4 28 232 28(-87.931%)
962 246 25.5717 6 44 262 44(-83.2061%)
998 253 25.3507 11 79 276 79(-71.3768%)
948 241 25.4219 8 56 257 56(-78.2101%)
1019 279 27.3798 11 79 299 79(-73.5786%)
889 241 27.1091 10 74 264 74(-71.9697%)
934 277 29.6574 10 75 297 75(-74.7475%)
924 262 28.355 12 86 287 86(-70.0348%)
960 271 28.2292 17 123 317 123(-61.1987%)
1009 307 30.4262 20 145 344 145(-57.8488%)
926 279 30.1296 24 173 341 173(-49.2669%)
966 292 30.2277 20 143 346 143(-58.6705%)
958 297 31.0021 20 147 353 147(-58.3569%)
946 306 32.3467 24 170 372 170(-54.3011%)
956 322 33.682 32 234 396 234(-40.9091%)
892 287 32.1749 22 169 331 169(-48.9426%)
983 315 32.0448 34 242 407 242(-40.5405%)
937 318 33.9381 29 217 396 217(-45.202%)
960 304 31.6667 37 268 421 268(-36.342%)
947 306 32.3126 38 269 424 269(-36.5566%)
947 306 32.3126 42 303 420 303(-27.8571%)
920 310 33.6957 44 316 438 316(-27.8539%)
922 318 34.4902 43 315 434 315(-27.4194%)
943 313 33.1919 52 375 460 375(-18.4783%)
889 306 34.4207 49 351 441 351(-20.4082%)
