972 11 1.13169 0 0 10 0(-100%)
1000 16 1.6 0 0 12 0(-100%)
908 29 3.19383 0 0 25 0(-100%)
902 38 4.21286 0 0 37 0(-100%)
994 51 5.13078 0 0 47 0(-100%)
908 46 5.06608 0 0 45 0(-100%)
918 65 7.08061 0 0 64 0(-100%)
977 81 8.29069 0 0 79 0(-100%)
975 97 9.94872 0 0 97 0(-100%)
939 84 8.94569 0 0 83 0(-100%)
997 103 10.331 0 0 102 0(-100%)
1025 131 12.7805 0 0 132 0(-100%)
949 115 12.118 0 0 115 0(-100%)
911 133 14.5993 0 0 130 0(-100%)
967 152 15.7187 0 0 152 0(-100%)
1001 146 14.5854 0 0 146 0(-100%)
929 148 15.9311 1 7 150 7(-95.3333%)
908 157 17.2907 1 7 158 7(-95.5696%)
948 190 20.0422 0 0 189 0(-100%)
941 185 19.6599 1 7 188 7(-96.2766%)
989 208 21.0313 1 7 211 7(-96.6825%)
921 192 20.8469 2 17 195 17(-91.2821%)
972 201 20.679 3 21 210 21(-90%)
926 211 22.7862 4 29 224 29(-87.0536%)
962 233 24.2204 6 43 246 43(-82.5203%)
974 256 26.2834 11 84 280 84(-70%)
1012 227 22.4308 7 50 241 50(-79.2531%)
957 259 27.0637 8 60 278 60(-78.4173%)
978 246 25.1534 16 115 283 115(-59.364%)
974 272 27.9261 8 58 282 58(-79.4326%)
908 241 26.5419 6 44 251 44(-82.4701%)
962 278 28.8981 12 88 307 88(-71.3355%)
955 302 31.623 17 127 335 127(-62.0896%)
954 279 29.2453 13 92 310 92(-70.3226%)
968 293 30.2686 22 159 340 159(-53.2353%)
942 280 29.724 20 145 334 145(-56.5868%)
923 272 29.4691 28 200 357 200(-43.9776%)
938 298 31.7697 25 184 363 184(-49.3113%)
885 287 32.4294 20 146 328 146(-55.4878%)
942 306 32.4841 32 230 390 230(-41.0256%)
962 317 32.9522 36 265 413 265(-35.8354%)
925 314 33.9459 27 192 386 192(-50.2591%)
1014 328 32.3471 38 277 436 277(-36.4679%)
912 304 33.3333 32 229 391 229(-41.4322%)
961 324 33.7149 39 281 421 281(-33.2542%)
1007 326 32.3734 49 346 469 346(-26.226%)
929 302 32.5081 43 304 437 304(-30.4348%)
922 302 32.7549 53 383 462 383(-17.0996%)
945 307 32.4868 49 351 458 351(-23.3624%)
934 317 33.94 57 415 478 415(-13.1799%)
