965 8 0.829016 0 0 6 0(-100%)
984 29 2.94715 0 0 29 0(-100%)
889 33 3.71204 0 0 32 0(-100%)
953 29 3.04302 0 0 28 0(-100%)
967 45 4.65357 0 0 44 0(-100%)
960 60 6.25 0 0 59 0(-100%)
936 56 5.98291 0 0 55 0(-100%)
989 88 8.89788 0 0 87 0(-100%)
1011 93 9.19881 0 0 91 0(-100%)
952 111 11.6597 0 0 111 0(-100%)
954 110 11.5304 0 0 109 0(-100%)
971 114 11.7405 0 0 113 0(-100%)
965 118 12.228 0 0 118 0(-100%)
977 146 14.9437 0 0 145 0(-100%)
974 153 15.7084 0 0 152 0(-100%)
929 140 15.07 0 0 140 0(-100%)
978 178 18.2004 3 21 183 21(-88.5246%)
934 148 15.8458 1 7 147 7(-95.2381%)
1023 190 18.5728 2 14 195 14(-92.8205%)
907 170 18.7431 4 28 180 28(-84.4444%)
935 224 23.9572 3 21 233 21(-90.9871%)
964 203 21.0581 1 7 205 7(-96.5854%)
943 206 21.8452 3 21 209 21(-89.9522%)
967 227 23.4747 3 21 232 21(-90.9483%)
899 209 23.2481 4 30 215 30(-86.0465%)
923 239 25.8938 9 65 265 65(-75.4717%)
1035 256 24.7343 6 43 273 43(-84.2491%)
975 252 25.8462 12 88 275 88(-68%)
961 250 26.0146 9 63 279 63(-77.4194%)
937 268 28.6019 8 57 283 57(-79.8587%)
948 274 28.903 14 101 308 101(-67.2078%)
976 274 28.0738 13 96 299 96(-67.893%)
998 304 30.4609 21 155 344 155(-54.9419%)
951 267 28.0757 14 97 302 97(-67.8808%)
888 270 30.4054 19 135 317 135(-57.4132%)
977 293 29.9898 19 135 355 135(-61.9718%)
885 290 32.7684 19 139 335 139(-58.5075%)
947 292 30.8342 28 206 367 206(-43.8692%)
960 288 30 25 181 365 181(-50.411%)
914 287 31.4004 24 172 351 172(-50.9972%)
939 308 32.8009 26 187 378 187(-50.5291%)
963 301 31.2565 35 246 400 246(-38.5%)
953 315 33.0535 39 282 417 282(-32.3741%)
963 317 32.918 40 285 414 285(-31.1594%)
958 312 32.5678 38 273 431 273(-36.6589%)
982 319 32.4847 43 308 449 308(-31.4031%)
1016 346 34.0551 50 371 492 371(-24.5935%)
930 322 34.6237 48 345 440 345(-21.5909%)
996 314 31.5261 49 347 481 347(-27.8586%)
919 298 32.4266 47 346 456 346(-24.1228%)
