990 12 1.21212 0 0 11 0(-100%)
906 18 1.98675 0 0 18 0(-100%)
946 28 2.95983 0 0 27 0(-100%)
965 35 3.62694 0 0 33 0(-100%)
958 56 5.84551 0 0 55 0(-100%)
929 48 5.16685 0 0 48 0(-100%)
915 58 6.3388 0 0 57 0(-100%)
974 79 8.11088 0 0 79 0(-100%)
963 90 9.34579 0 0 89 0(-100%)
942 107 11.3588 0 0 108 0(-100%)
964 91 9.43983 0 0 91 0(-100%)
927 103 11.1111 0 0 103 0(-100%)
973 132 13.5663 0 0 130 0(-100%)
967 127 13.1334 0 0 124 0(-100%)
973 154 15.8273 1 8 155 8(-94.8387%)
995 150 15.0754 0 0 148 0(-100%)
968 173 17.8719 1 7 173 7(-95.9538%)
912 181 19.8465 2 14 183 14(-92.3497%)
911 159 17.4533 1 7 159 7(-95.5975%)
964 221 22.9253 4 29 227 29(-87.2247%)
913 188 20.5915 5 35 197 35(-82.2335%)
960 212 22.0833 4 30 214 30(-85.9813%)
951 200 21.0305 4 29 205 29(-85.8537%)
934 216 23.1263 3 21 223 21(-90.583%)
1023 255 24.9267 5 36 263 36(-86.3118%)
994 245 24.6479 2 14 249 14(-94.3775%)
954 240 25.1572 4 30 243 30(-87.6543%)
934 243 26.0171 7 52 259 52(-79.9228%)
971 271 27.9094 12 88 298 88(-70.4698%)
954 260 27.2537 7 50 271 50(-81.5498%)
969 262 27.0382 9 64 283 64(-77.3852%)
1014 294 28.9941 16 110 323 110(-65.9443%)
953 294 30.8499 13 93 316 93(-70.5696%)
950 278 29.2632 16 115 317 115(-63.7224%)
928 318 34.2672 26 195 366 195(-46.7213%)
944 290 30.7203 21 153 336 153(-54.4643%)
933 286 30.6538 21 152 339 152(-55.1622%)
956 296 30.9623 25 181 371 181(-51.2129%)
958 316 32.9854 26 185 380 185(-51.3158%)
919 301 32.753 28 203 368 203(-44.837%)
938 286 30.4904 30 212 376 212(-43.617%)
960 309 32.1875 31 221 394 221(-43.9086%)
894 276 30.8725 40 287 395 287(-27.3418%)
953 303 31.7943 35 252 402 252(-37.3134%)
883 272 30.8041 38 268 397 268(-32.4937%)
996 315 31.6265 39 278 432 278(-35.6481%)
964 334 34.6473 40 301 436 301(-30.9633%)
933 321 34.4051 50 366 459 366(-20.2614%)
928 300 32.3276 53 382 459 382(-16.7756%)
929 282 30.3552 45 322 433 322(-25.6351%)
