925 14 1.51351 0 0 13 0(-100%)
950 21 2.21053 0 0 20 0(-100%)
932 34 3.64807 0 0 30 0(-100%)
974 33 3.38809 0 0 33 0(-100%)
974 55 5.64682 0 0 55 0(-100%)
969 58 5.98555 0 0 58 0(-100%)
937 70 7.47065 0 0 68 0(-100%)
969 63 6.50155 0 0 62 0(-100%)
930 93 10 0 0 92 0(-100%)
982 106 10.7943 0 0 104 0(-100%)
963 92 9.55348 0 0 89 0(-100%)
891 101 11.3356 0 0 101 0(-100%)
923 112 12.1343 0 0 112 0(-100%)
966 136 14.0787 0 0 133 0(-100%)
969 165 17.0279 0 0 164 0(-100%)
1023 146 14.2717 1 7 147 7(-95.2381%)
920 135 14.6739 1 7 134 7(-94.7761%)
888 172 19.3694 2 14 172 14(-91.8605%)
929 174 18.7298 1 7 175 7(-96%)
966 193 19.9793 0 0 192 0(-100%)
957 199 20.7941 4 28 203 28(-86.2069%)
970 213 21.9588 4 28 220 28(-87.2727%)
913 220 24.0964 3 21 227 21(-90.7489%)
917 239 26.0632 6 44 247 44(-82.1862%)
971 230 23.6869 9 63 247 63(-74.4939%)
966 233 24.1201 9 68 254 68(-73.2283%)
950 234 24.6316 9 66 249 66(-73.494%)
947 260 27.4551 6 42 276 42(-84.7826%)
960 250 26.0417 9 63 276 63(-77.1739%)
960 248 25.8333 11 79 271 79(-70.8487%)
974 287 29.4661 7 49 298 49(-83.557%)
967 263 27.1975 12 84 295 84(-71.5254%)
965 271 28.0829 17 129 317 129(-59.306%)
974 291 29.8768 18 133 332 133(-59.9398%)
966 302 31.2629 14 103 334 103(-69.1617%)
937 290 30.9498 20 144 338 144(-57.3964%)
931 281 30.1826 16 113 324 113(-65.1235%)
940 271 28.8298 25 179 347 179(-48.415%)
957 302 31.5569 22 157 359 157(-56.2674%)
951 288 30.2839 28 205 364 205(-43.6813%)
972 321 33.0247 26 189 384 189(-50.7812%)
981 325 33.1295 39 294 436 294(-32.5688%)
933 298 31.94 29 212 372 212(-43.0108%)
987 315 31.9149 38 274 429 274(-36.1305%)
945 303 32.0635 38 278 412 278(-32.5243%)
992 329 33.1653 50 368 483 368(-23.8095%)
935 319 34.1176 47 344 449 344(-23.3853%)
959 320 33.3681 50 368 467 368(-21.1991%)
914 298 32.6039 47 348 455 348(-23.5165%)
963 324 33.6449 45 332 447 332(-25.7271%)
