1005 14 1.39303 0 0 12 0(-100%)
944 18 1.90678 0 0 18 0(-100%)
970 33 3.40206 0 0 33 0(-100%)
939 37 3.94036 0 0 36 0(-100%)
886 44 4.96614 0 0 44 0(-100%)
944 47 4.97881 0 0 43 0(-100%)
945 75 7.93651 0 0 73 0(-100%)
954 78 8.1761 0 0 75 0(-100%)
937 80 8.53789 0 0 79 0(-100%)
927 85 9.16936 0 0 83 0(-100%)
909 101 11.1111 0 0 101 0(-100%)
941 111 11.796 0 0 110 0(-100%)
959 116 12.0959 0 0 115 0(-100%)
945 128 13.545 0 0 128 0(-100%)
956 146 15.272 1 7 148 7(-95.2703%)
965 160 16.5803 1 7 161 7(-95.6522%)
1011 163 16.1227 1 7 164 7(-95.7317%)
934 189 20.2355 0 0 189 0(-100%)
914 151 16.5208 1 7 149 7(-95.302%)
991 203 20.4844 3 21 209 21(-89.9522%)
945 215 22.7513 4 28 222 28(-87.3874%)
901 192 21.3097 1 7 195 7(-96.4103%)
920 217 23.587 5 39 225 39(-82.6667%)
926 212 22.8942 2 16 213 16(-92.4883%)
1005 244 24.2786 4 28 251 28(-88.8446%)
903 239 26.4673 7 53 247 53(-78.5425%)
958 235 24.5303 4 28 242 28(-88.4298%)
935 229 24.492 5 37 242 37(-84.7107%)
950 227 23.8947 8 57 249 57(-77.1084%)
960 249 25.9375 9 63 271 63(-76.7528%)
950 269 28.3158 9 64 290 64(-77.931%)
932 259 27.7897 15 109 290 109(-62.4138%)
923 287 31.0943 22 161 331 161(-51.3595%)
945 295 31.2169 20 142 341 142(-58.3578%)
942 278 29.5117 15 112 322 112(-65.2174%)
983 297 30.2136 20 146 342 146(-57.3099%)
946 298 31.5011 25 187 357 187(-47.619%)
1005 309 30.7463 19 135 362 135(-62.7072%)
992 294 29.6371 22 157 357 157(-56.0224%)
962 295 30.6653 26 187 372 187(-49.7312%)
971 325 33.4706 27 203 386 203(-47.4093%)
951 308 32.387 34 250 402 250(-37.8109%)
923 315 34.1278 29 218 377 218(-42.1751%)
937 319 34.0448 35 256 423 256(-39.4799%)
934 306 32.7623 47 341 441 341(-22.6757%)
918 313 34.0959 30 217 389 217(-44.2159%)
917 300 32.7154 46 335 446 335(-24.8879%)
926 291 31.4255 38 273 417 273(-34.5324%)
970 326 33.6082 56 394 483 394(-18.4265%)
939 316 33.6528 49 348 464 348(-25%)
