928 11 1.18534 0 0 11 0(-100%)
946 19 2.00846 0 0 19 0(-100%)
987 36 3.64742 0 0 34 0(-100%)
943 36 3.8176 0 0 34 0(-100%)
931 46 4.94092 0 0 45 0(-100%)
985 52 5.27919 0 0 51 0(-100%)
958 60 6.26305 0 0 60 0(-100%)
978 79 8.07771 0 0 78 0(-100%)
981 72 7.33945 0 0 70 0(-100%)
959 106 11.0532 0 0 103 0(-100%)
917 98 10.687 0 0 96 0(-100%)
968 116 11.9835 0 0 114 0(-100%)
935 130 13.9037 2 15 133 15(-88.7218%)
932 125 13.412 2 14 129 14(-89.1473%)
936 132 14.1026 2 16 135 16(-88.1481%)
935 153 16.3636 0 0 152 0(-100%)
961 182 18.9386 0 0 182 0(-100%)
967 173 17.8904 2 14 180 14(-92.2222%)
995 178 17.8894 2 14 182 14(-92.3077%)
905 180 19.8895 1 7 180 7(-96.1111%)
914 184 20.1313 3 21 188 21(-88.8298%)
923 201 21.7768 1 7 203 7(-96.5517%)
931 200 21.4823 2 15 205 15(-92.6829%)
910 199 21.8681 1 7 200 7(-96.5%)
979 238 24.3105 5 41 246 41(-83.3333%)
936 229 24.4658 9 64 247 64(-74.0891%)
975 222 22.7692 3 21 234 21(-91.0256%)
912 242 26.5351 8 58 256 58(-77.3438%)
935 233 24.9198 10 71 258 71(-72.4806%)
934 256 27.409 12 84 279 84(-69.8925%)
943 259 27.4655 19 134 308 134(-56.4935%)
918 269 29.3028 14 106 302 106(-64.9007%)
971 265 27.2915 16 116 314 116(-63.0573%)
1013 293 28.924 16 112 333 112(-66.3664%)
938 279 29.7441 12 84 318 84(-73.5849%)
941 273 29.0117 15 106 313 106(-66.1342%)
947 286 30.2006 27 192 362 192(-46.9613%)
948 312 32.9114 22 164 353 164(-53.5411%)
941 302 32.0935 23 174 354 174(-50.8475%)
988 315 31.8826 27 191 384 191(-50.2604%)
946 313 33.0867 26 186 369 186(-49.5935%)
943 306 32.4496 29 211 385 211(-45.1948%)
974 322 33.0595 35 256 407 256(-37.1007%)
1026 343 33.4308 49 359 477 359(-24.7379%)
963 320 33.2295 38 276 423 276(-34.7518%)
967 336 34.7466 41 309 445 309(-30.5618%)
941 315 33.475 43 313 437 313(-28.3753%)
1017 332 32.645 53 375 500 375(-25%)
904 294 32.5221 46 330 437 330(-24.4851%)
956 303 31.6946 56 417 494 417(-15.587%)
